1.33399325335625,2.87238663832013,3.20813621905305,3.26781731435526,4.74276069394187,6.4898244968566,6.73164251873196,6.89700297230616,8.34065279219798,8.39711236080595
1.32938105898948,1.33399325335625,2.79080812669019,3.30754017360334,3.31234584546964,4.54948326736125,4.92260967374014,6.64640895521785,6.69038459283172,6.74529628704329
1.32938105898948,1.3330150036665,2.87995295100458,3.20023889733251,3.26781731435526,3.44090133540618,5.14392700181485,7.04312842421604,8.00462328907488,8.16001390930187
1.32873925207318,1.3330150036665,2.98575501339276,3.08058841781891,3.20813621905305,3.25285628333009,3.31234584546964,5.25289996097394,5.55197235223663,6.9452130996824
1.32873925207318,1.33449840764236,2.87238663832013,2.96192369921982,2.99460381352859,3.0677571611847,3.13210376584174,3.29709250704314,3.30754017360334,3.44090133540618
1.3232883283699,1.33449840764236,2.79080812669019,3.20023889733251,3.25285628333009,3.33489400131399,3.47158868531397,3.70252049285348,4.2470512123119,4.74276069394187
1.3232883283699,1.32913129524513,2.87995295100458,3.08058841781891,3.13210376584174,3.22203569191901,3.40555678267152,3.65816251689287,4.13035700636156,4.92260967374014
1.32913129524513,1.33251866778668,2.98575501339276,3.22834400273577,3.23999058640608,3.29709250704314,3.31106538745462,3.47158868531397,3.53733020793931,3.63484882766808
1.33251866778668,1.3336637507258,2.96192369921982,3.10318626575976,3.24702725581415,3.31826972984415,3.40555678267152,3.70252049285348,3.78184320140325,3.80683713862308
1.3336637507258,1.33625334424277,3.05448031586389,3.31106538745462,3.33489400131399,3.36781279170918,3.65816251689287,3.69977796631095,4.89192068619269,5.13741121577785
1.32832450854451,1.33625334424277,2.88085351935846,3.22203569191901,3.22834400273577,3.31826972984415,3.41071532086745,3.41555412781001,3.46230486814781,3.47485035649019
1.32832450854451,1.33228713121459,3.06129515074911,3.08425063832368,3.23999058640608,3.24702725581415,3.36781279170918,3.38346287108341,3.48691898385953,3.89745365591433
1.32346023740798,1.33228713121459,2.65105450717257,3.03749930041144,3.10318626575976,3.42458771241153,3.46230486814781,3.46913663610991,3.63895740563145,3.65672572118829
1.32346023740798,1.33495842631896,2.83176782240352,3.05448031586389,3.06129515074911,3.07527462188339,3.21299673202448,3.47485035649019,4.93546451714527,5.00346469958568
1.33035521572248,1.33495842631896,2.88085351935846,2.90794807381425,2.98868432592002,3.20023374146327,3.23864632215375,3.38346287108341,3.48291156936262,3.65672572118829
1.32986540672355,1.33035521572248,2.97589062299003,3.06604028023116,3.08425063832368,3.16057035991924,3.21299673202448,3.32073395501657,3.47199899193534,3.67696641268315
1.32986540672355,1.33465613548959,2.65105450717257,2.83176782240352,2.8872774373101,3.19977905487238,3.20023374146327,3.20038122729152,3.26835631472457,3.29855892777437
1.32919261207697,1.33465613548959,2.98868432592002,3.07527462188339,3.14083316971787,3.16057035991924,3.16058633800756,3.23727462536004,4.76429239237056,5.17521458492302
1.32919261207697,1.33194219093773,2.90794807381425,2.98955665609468,3.06604028023116,3.24905847900588,3.29855892777437,3.37676783329858,3.59766952345543,3.72879122504868
1.32750781541956,1.33194219093773,2.97589062299003,3.14083316971787,3.1836025191597,3.19977905487238,3.39022329648063,3.55012830754045,3.7628485220641,4.01642365793252
1.32750781541956,1.32920841104772,2.6735633525316,2.93514020108069,3.20038122729152,3.23727462536004,3.37676783329858,3.39559258451305,3.5836410255493,4.15625312029958
1.32714505612612,1.32920841104772,3.16058633800756,3.36596865701391,3.39022329648063,3.82968366839874,4.04199789708011,5.35978021937467,5.51857988979049,6.46606920779541
1.32714505612612,1.33084822575679,2.98955665609468,3.04068248917903,3.26204445095403,3.38148724675992,3.5836410255493,3.73495448432775,4.11446059648164,4.13460844579024
1.33084822575679,1.33110630679897,3.08692954244181,3.1836025191597,3.36596865701391,3.68909826380377,4.07334408072778,4.15625312029958,4.32851487233208,4.47551807057016
1.3296529622424,1.33110630679897,2.93514020108069,3.61468380359887,3.73495448432775,3.7628485220641,4.04199789708011,4.20967670967736,4.37823023606571,4.54831100519743
1.32320595524657,1.3296529622424,3.08692954244181,3.18417681669847,3.39559258451305,3.55012830754045,3.74935514455486,3.85976139158886,4.06698672237813,4.14666613076095
1.32320595524657,1.33239746322184,2.90620732226729,3.06171014304098,3.27276244173023,3.59523490192226,4.20967670967736,4.73839519246759,5.39733915925245,5.46925488526545
1.3227433613517,1.33239746322184,2.99592673475171,3.26163532602895,4.22281185941311,4.5171160047092,4.7071619899893,4.79281900346759,5.54128586160288,6.02002574745324
1.3227433613517,1.33048675303439,3.00452608575795,3.06662827874524,3.5275205173039,3.59523490192226,3.62852876521601,4.09702379783178,5.00240752038456,5.17156978102394
1.32684399987338,1.33048675303439,3.49859371748135,3.70403374714648,4.12208915478547,4.5171160047092,5.82383979862083,5.83517797500642,6.86094497864543,6.96456043121172
1.32684399987338,1.34574886215817,3.62852876521601,3.86074772550603,3.89047169376671,4.1299096842425,4.13324339955924,4.7379895525423,5.07426526701157,5.55991870444164
1.33179728187138,1.34574886215817,3.43914945880519,3.49859371748135,3.67709137770603,3.7100919126081,4.66121228866483,4.96849051523699,5.56953741346622,5.80322677482106
1.33051042836951,1.33179728187138,2.96759902951865,3.32681995304826,3.48640631596491,3.99404681995592,4.13324339955924,4.45386405270749,4.81587479073117,4.92632479643801
1.32555875011257,1.33051042836951,3.06209111556139,3.37719498992877,3.65014136712539,3.67709137770603,4.1968372615578,4.4928222755858,4.57703768828704,4.61267839763407
1.32555875011257,1.32609615036015,2.8561255224517,3.4568644752145,3.54909157391015,3.68684011044688,4.22514319283974,4.37236938055329,4.45386405270749,4.7812071697428
1.3227161449079,1.32609615036015,2.65013697759191,3.39877433790477,3.45403503166948,3.476952832582,3.70670176841893,4.61267839763407,5.00662930523122,5.14552339417478
1.3227161449079,1.33368362065372,3.10852087012457,3.55287404786604,3.57917015521755,3.68684011044688,4.14502665853912,4.22523218296936,5.90453910140326,6.47153374402081
1.33368362065372,1.33416153444776,3.45403503166948,3.51614831882843,3.85336593123467,4.73954280495493,5.95043502611364,6.02068924625744,6.10057636621328,6.27891375956064
1.3303424371191,1.33416153444776,2.65013697759191,2.783597851702,2.95531318137351,3.47854581686083,3.55287404786604,4.57917645434198,4.724259201187,4.94721760184449
1.32927273349001,1.3303424371191,2.73655750898825,3.32403143787781,3.40819321635379,3.46494011492262,3.49730224601764,3.51614831882843,4.82093403812996,5.26829384146329
1.32765243945846,1.32927273349001,2.95531318137351,3.1929669588018,3.30053722899773,3.36164870264577,3.98692237195559,3.98934643770129,4.01477085273867,4.7812071697428
1.32765243945846,1.32818259286892,2.71052577925391,2.8209796170834,3.06274876540666,3.32403143787781,3.35610130955548,3.37345371985448,3.54909157391015,3.76205449189668
1.32732701321114,1.32818259286892,2.51574621136553,2.63081907397677,2.76271496901146,3.02094836102837,4.01477085273867,4.04673930467481,4.52274352578167,4.7588188660633
1.32732701321114,1.32988194964817,2.71052577925391,3.03718899642416,3.40890686291075,3.43817655160406,3.46464861133131,4.24242407121211,4.44607793453961,4.58845801985809
1.32831208682297,1.32988194964817,3.02094836102837,3.08638850438502,3.17756101436306,3.42437643958721,3.63348620473506,3.70655379024775,4.06155672125849,4.78550363075821
1.32831208682297,1.33455947788025,3.1390039821574,3.17985549986159,3.38582648698955,3.40890686291075,5.21908325283282,5.7776133480876,5.86673495225411,6.07977507807649
1.33042737494386,1.33455947788025,3.03718899642416,3.08638850438502,3.45797556382343,4.7977719829104,5.90691975567639,6.07524197048973,6.11977826395696,6.41033704262108
1.33042737494386,1.33684329672554,3.17985549986159,3.6719566990911,4.27724186830719,4.58856502623642,5.41971899640563,7.02361637619823,7.14060018485842,7.16368257253209
1.330707330708,1.33684329672554,3.1390039821574,3.42437643958721,3.45797556382343,3.46464861133131,3.46549476987053,3.62413713868556,3.645306434307,5.61883519957651
1.33050892518615,1.330707330708,3.00435017932331,3.4530702280724,3.6719566990911,3.92096085162808,3.9902404689442,4.37980844329977,4.67640171499413,6.02308127124315
1.32567718544146,1.33050892518615,3.15255214072662,3.19381730848839,3.28531185734323,3.4636480768115,3.62413713868556,3.76205449189668,4.62989092744095,5.50767410074344
1.32567718544146,1.328837461844,2.72951625750791,3.13430390996151,3.66151962988047,3.81379784466875,3.93737399798393,4.19060687729117,4.37980844329977,5.29767165837975
1.32720081374297,1.328837461844,3.15255214072662,3.27834668697501,3.4530702280724,3.58856865616362,4.22523218296936,4.24343422241938,4.8165890420504,4.95965059253169
1.32720081374297,1.32849576589465,3.00819281296927,3.37719498992877,3.66151962988047,3.76897360033206,3.82215502040406,4.40474414693975,4.6095853392686,5.49766032053637
1.32492301663153,1.32849576589465,2.79411059194156,3.25365763410964,3.57558904238169,3.76465257361154,4.09111977336279,4.24343422241938,4.73654357100196,4.81108033605759
1.32411819714103,1.32492301663153,3.20692672195671,3.32199969897651,3.57758102633609,3.67126926280272,3.76897360033206,4.4928222755858,5.37401721247709,5.59115086543012
1.32411819714103,1.32938895737854,3.16581253393185,3.76465257361154,3.9305901592509,6.73623997494151,7.01612792072665,7.14578309214602,7.49259908176062,9.08565099483796
1.32938895737854,1.33151267361599,3.32199969897651,3.37758996919401,6.34563353811107,6.38530469124223,7.40794094198921,7.53888910914599,9.28440461203625,9.51578084026739
1.33151267361599,1.34342844989973,3.0672373563192,3.06730647311285,3.16581253393185,3.20692672195671,3.25365763410964,4.25328026351427,5.41872503454456,6.20808867526874
1.33098347097175,1.34342844989973,3.37758996919401,3.43554784568633,3.57558904238169,3.67126926280272,3.9305901592509,6.25013447855324,6.629200404272,8.4925951863962
1.32766712695615,1.33098347097175,3.06730647311285,4.49462122987021,4.81108033605759,5.00662930523122,5.59115086543012,6.34563353811107,6.53975274761974,6.73623997494151
1.32766712695615,1.33322541229906,2.79411059194156,3.0672373563192,3.43554784568633,3.48451847462458,3.70670176841893,5.37401721247709,5.49766032053637,6.54086607415257
1.32661411118682,1.33322541229906,3.10852087012457,3.476952832582,4.37236938055329,4.49462122987021,4.55390360020938,4.6095853392686,4.73654357100196,4.8165890420504
1.32010075373056,1.32661411118682,3.00819281296927,3.27834668697501,3.39877433790477,3.4568644752145,3.48451847462458,3.57758102633609,4.09111977336279,4.14502665853912
1.32010075373056,1.32172463092734,2.8561255224517,3.06209111556139,3.13430390996151,3.19381730848839,3.57917015521755,3.58856865616362,3.91657528971422,3.96792351236765
1.32172463092734,1.32462296522444,2.72951625750791,3.32681995304826,3.35610130955548,3.4636480768115,3.74421620636416,3.82215502040406,3.885914821506,4.1968372615578
1.32462296522444,1.32957323980291,2.96759902951865,3.06274876540666,3.07786565658737,3.11389547030725,3.65014136712539,3.66900149904576,3.91657528971422,4.22514319283974
1.32957323980291,1.33063819274813,2.60966549580593,2.76271496901146,3.28531185734323,3.37345371985448,3.42526217974625,3.46549476987053,3.70655379024775,3.74105038725757
1.32947245176423,1.33063819274813,2.51574621136553,3.07786565658737,3.17604313572722,3.59246377852303,3.74958251009362,4.00055133700344,4.25780636008732,4.36999462242232
1.32947245176423,1.33130011642755,2.85169861661432,2.88576592952374,2.91004484501528,2.98055263332154,3.64381160325283,3.7100919126081,3.86074772550603,3.9316585558769
1.33046270146893,1.33130011642755,3.17604313572722,3.59719015343921,3.62081579205571,3.90208931215061,3.96605244544245,4.04673930467481,4.06894949587728,4.08488690173914
1.32996879662645,1.33046270146893,2.73655750898825,2.8209796170834,2.88576592952374,3.07139675066573,3.08369972597852,3.0957341617135,3.15094557236395,3.19197117781474
1.32996879662645,1.33645875357229,2.53426024709381,2.85169861661432,3.36164870264577,3.43914945880519,3.45591275931555,3.5275205173039,3.55723417840322,3.59719015343921
1.32871742669388,1.33645875357229,2.76342197284454,2.84400158227804,2.98055263332154,3.07606843226869,3.08369972597852,3.15409020162709,3.34687615546198,3.46048782688222
1.32871742669388,1.33393852931835,2.67197193099029,2.70783178945813,2.94957810542457,2.96983400209507,3.06636690563931,3.19197117781474,3.22052573347893,3.25406038665542
1.32816113480255,1.33393852931835,2.92718328773584,3.06089496716238,3.0957341617135,3.28207038315756,3.30053722899773,3.30972778336829,3.34687615546198,3.55723417840322
1.32816113480255,1.33487265310216,2.53426024709381,3.21221590183474,3.25406038665542,3.39504742234921,3.46048782688222,3.60959776152413,3.99505056288403,4.3423137841478
1.32972102337295,1.33487265310216,2.81891929646806,2.97739080404303,3.07606843226869,3.22052573347893,3.28207038315756,3.28991519647544,3.50077748507385,3.54299661303818
1.32742231411108,1.32972102337295,2.96983400209507,3.19762552529216,3.30972778336829,3.37716996907174,3.37900236756354,3.39504742234921,3.8233884186674,4.40000556817829
1.32742231411108,1.32803652058217,2.92718328773584,3.22366809705962,3.28991519647544,3.60959776152413,4.84816109468322,4.98227558450955,5.76394812606776,5.77084655834826
1.32803652058217,1.33082868920083,3.21221590183474,3.24692608477618,3.37716996907174,3.54299661303818,4.97636503886119,6.17712279301618,6.97608206660443,7.08495116426359
1.3288984159822,1.33082868920083,2.81891929646806,3.19762552529216,3.22366809705962,3.79999486841759,4.90063363250101,5.78088885899046,6.23830834441518,6.55148364876231
1.3288984159822,1.33245712876625,2.97739080404303,3.24692608477618,3.7552472621653,4.00805950554629,4.3423137841478,4.40000329545331,4.49297629639863,4.55132134659815
1.3282793380912,1.33245712876625,3.16848181310861,3.32099036433411,3.57249128760309,3.79999486841759,5.4846070962285,5.5909577891449,5.97477807119227,6.15946466829708
1.3282793380912,1.32900489088641,3.30327882565187,3.44781974586839,3.51199117310963,3.76612811784198,4.44866463109999,4.49297629639863,5.24074861064714,5.8578540439311
1.32900489088641,1.33186973837534,2.74781021906536,3.26980488714541,3.57249128760309,4.31560551950708,4.48397212301772,4.54831100519743,4.80108789754989,5.19275697486412
1.33186973837534,1.33517115007777,3.21131297135611,3.30327882565187,3.32099036433411,3.68436303857261,4.00805950554629,4.30393877744561,4.37823023606571,4.79021638342153
1.33110893618817,1.33517115007777,3.04574687063781,3.06171014304098,3.18417681669847,3.61468380359887,3.78674966164916,4.26282371204815,4.31560551950708,4.40000329545331
1.32769763123988,1.33110893618817,2.88017811949192,3.27276244173023,3.27886718242749,3.71544950174269,3.85976139158886,3.93165117984798,3.99505056288403,4.09702379783178
1.32769763123988,1.33026388359603,2.6735633525316,2.90620732226729,3.06662827874524,3.16849648887292,3.26163532602895,3.72642026615357,3.72937005404398,3.74935514455486
1.33026388359603,1.33498389503394,2.86318476525704,3.00452608575795,3.41427327553024,3.41955640397991,3.43332637539748,3.64381160325283,3.89047169376671,4.12208915478547
1.33008683927028,1.33498389503394,2.99592673475171,3.0110471600425,3.26835631472457,3.57093489159352,3.60959138961739,3.85342471056591,4.1299096842425,4.18890033302298
1.33008683927028,1.33437550936758,2.75750231187573,3.3007165888637,3.39327953460955,3.43332637539748,3.59246377852303,3.62731567415906,3.85665800920953,3.9316585558769
1.31916109706131,1.33437550936758,3.19017131201445,3.48640631596491,3.60959138961739,3.72493932836496,3.72830913417866,4.39344113423635,4.65415287673278,4.75478516864853
1.31916109706131,1.3266612227694,2.82179623644231,3.11389547030725,3.3007165888637,3.42526217974625,3.43892439579587,3.65906668427893,4.16006898981255,4.44980595082527
1.324527840402,1.3266612227694,3.28162185511981,3.30184978459045,3.66900149904576,3.74105038725757,3.885914821506,3.93737399798393,4.11364364037528,4.65415287673278
1.324527840402,1.35047288014236,2.53728890747585,2.60966549580593,3.22530076116941,3.26839685472863,3.60062897283238,3.63348620473506,3.70002027021474,4.00055133700344
1.32806701638133,1.35047288014236,3.28162185511981,3.50000757142038,3.81379784466875,3.8669764674743,3.92096085162808,4.62989092744095,5.24767767683954,6.40507658033844
1.32806701638133,1.33369449275312,2.7530918982119,3.00435017932331,3.22530076116941,3.645306434307,4.27724186830719,5.50767410074344,6.00271713476489,6.138892734036
1.32644675731821,1.33369449275312,3.50000757142038,3.61057571586582,3.70002027021474,3.82690606103677,3.85424181908712,4.26630624779797,4.89702460684036,5.20634900866241
1.31938243129125,1.32644675731821,2.7530918982119,4.13387796143041,6.43766650270111,6.44992503832409,6.51231164794806,6.6811977968026,7.23230039475684,7.34738599775458
1.31938243129125,1.32530222968197,3.14876070859632,3.61057571586582,3.81812283720679,5.78651570463608,6.138892734036,6.3248526465049,6.46040246424323,6.88451501559841
1.32417068386217,1.32530222968197,3.07700601234382,3.3503850524977,3.43574155023337,3.78490977435394,3.83381102820679,3.95466673690717,4.13387796143041,4.26630624779797
1.32417068386217,1.34427712916645,2.78282841727621,2.81060384970917,3.31367243402241,3.49205913466539,3.65520464543368,3.81812283720679,5.10231212294975,5.54246641848194
1.33290697349815,1.34427712916645,2.96003952676311,3.28747958168564,3.44913583379953,3.45653815254511,3.90431120685839,4.05922184661051,4.79039048512749,5.12793457446563
1.32316778981352,1.33290697349815,2.78282841727621,3.15643944975981,3.35817524855389,3.42003625711775,3.81273196015665,4.24952303205901,4.58371050569296,4.63832523654821
1.32316778981352,1.32442704593345,2.81060384970917,3.10382183767046,3.14876070859632,3.3503850524977,3.54333303543429,3.85424181908712,3.90431120685839,4.33170936236493
1.32442704593345,1.32486263438894,2.68921773012153,2.87351805284045,3.81273196015665,3.82690606103677,3.83381102820679,4.11906178637806,4.22066546885678,4.2244793762072
1.32318214921454,1.32486263438894,2.53728890747585,3.30184978459045,3.31645443207049,3.42238469491669,3.65906668427893,3.78490977435394,3.8669764674743,4.53359316657329
1.32318214921454,1.32854544521443,2.5258236280469,2.87351805284045,3.19017131201445,3.43892439579587,3.6174413609622,3.96169231516028,4.11364364037528,4.76447636157427
1.3282955243469,1.32854544521443,2.82179623644231,3.26839685472863,3.42238469491669,3.72493932836496,3.83181340881834,4.1371627959267,4.2244793762072,4.58562111387324
1.3282955243469,1.33158439462168,2.6983910020603,3.27046265840171,3.39327953460955,3.42458771241153,3.44780524391967,3.96169231516028,3.97978718023967,4.05841791835193
1.32925693528377,1.33158439462168,2.75750231187573,2.94970117130533,3.17921122292936,3.18235101772259,3.41955640397991,3.49224311868461,3.57093489159352,3.60062897283238
1.32911173345208,1.32925693528377,2.77076686135806,2.8872774373101,3.03749930041144,3.16884647782123,3.23965600025682,3.41427327553024,3.67696641268315,3.72642026615357
1.32911173345208,1.33268863580358,2.84400158227804,2.86318476525704,2.91004484501528,3.16849648887292,3.18235101772259,3.55669073718815,3.62731567415906,3.74958251009362
1.33259783880959,1.33268863580358,2.76342197284454,3.0098486672921,3.27886718242749,3.42518408264432,3.45996387264376,3.46810769728969,3.640913209622,3.72912710965985
1.33259783880959,1.33403035947463,2.82807814602072,2.84137625104455,2.88017811949192,3.04574687063781,3.15409020162709,3.41173474936139,3.47815094554564,3.50077748507385
1.33403035947463,1.33497602974735,2.86177724500004,3.07983278766884,3.17368728768289,3.26980488714541,3.68436303857261,3.73065637656432,3.78674966164916,4.06698672237813
1.33204241674205,1.33497602974735,2.74781021906536,3.16848181310861,3.21131297135611,3.51199117310963,3.64480260096483,3.71703578137203,3.7552472621653,4.16260183058625
1.33204241674205,1.33397526213945,2.77570711711448,3.22354789013596,3.38111386971808,3.44781974586839,3.61028710769656,3.73065637656432,3.75398734680872,3.79856999408988
1.33307014069028,1.33397526213945,3.00921667548217,3.32155295005213,3.76612811784198,4.36255899673575,4.74557994348425,4.89687359444779,5.36447798019528,5.42324082076391
1.3234541926338,1.33307014069028,3.31779339320579,4.64321494225714,5.61566078035346,5.8578540439311,6.79354598129725,7.57317615007072,7.81309778512979,7.96125404694512
1.3234541926338,1.3354231539104,3.10700257482996,3.32155295005213,3.42389894710694,4.96162201301147,6.08868549031727,6.44972821132798,7.88923652833403,8.06766818851643
1.33034469217568,1.3354231539104,2.5459998036135,2.69302525053145,3.00921667548217,3.07983278766884,3.22354789013596,3.31779339320579,4.18661175654012,4.63002721374292
1.32278569692903,1.33034469217568,2.80022463384637,2.95700016909029,3.16237980008727,3.23550923349014,3.42389894710694,3.47528847723466,3.75398734680872,3.76500743691165
1.32278569692903,1.3305438737599,2.69302525053145,3.0141633996849,3.07060938577345,3.10261389798989,3.10700257482996,3.36589141238989,3.71898077435202,4.24640518556579
1.32976576884803,1.3305438737599,2.73766853362492,2.84457184827524,2.93472145185876,2.984630797938,3.54527981970394,3.70155156657313,3.77305751347631,3.88166484900487
1.32976576884803,1.33405547111055,3.0141633996849,3.0661430168862,3.2605853768917,3.30558633225635,3.58339964279733,5.02481780764238,5.77851719734397,6.08868549031727
1.33405547111055,1.33462504097593,2.5459998036135,2.8660933341397,2.93472145185876,3.10261389798989,3.49334023536214,3.65232884609259,4.0438642410447,4.08654144723873
1.32777897257036,1.33462504097593,2.73766853362492,2.85481645644689,3.14614971036027,3.23805759677001,3.30558633225635,3.38732549366015,3.48729135576596,3.71898077435202
1.32423713888412,1.32777897257036,2.84457184827524,2.94688055407748,3.42098012271337,3.45953378361883,3.49334023536214,3.51689038782843,3.58339964279733,5.1778360344839
1.32423713888412,1.32879682419849,2.89208903735691,2.94556106709741,3.0661430168862,3.23805759677001,3.30824485188143,3.65232884609259,4.94254276663338,5.16765111051433
1.32879682419849,1.3304469173928,2.8660933341397,3.01255207423872,3.02166129802796,3.12925070903563,3.38732549366015,3.42098012271337,3.640913209622,3.73573995347642
1.32815887603856,1.3304469173928,2.85481645644689,3.17202805788347,3.30824485188143,3.33253087007457,3.40450598472084,3.45953378361883,3.5862880531268,3.63473946796741
1.32815887603856,1.32928552237659,2.92255932360662,2.94556106709741,2.94688055407748,3.01255207423872,3.12318955556655,3.22509302191425,4.08986686824889,4.64221606563072
1.32928552237659,1.33583120191138,2.8021384690982,2.89208903735691,3.02166129802796,3.1182892745863,3.23615450805428,3.26204445095403,3.40450598472084,4.47551807057016
1.33217866669603,1.33583120191138,2.77741228484357,2.91413675039453,3.12925070903563,3.22509302191425,3.34467517107416,3.62090941615501,3.63473946796741,3.68909826380377
1.33082718637696,1.33217866669603,3.08125331642823,3.10929316726487,3.12318955556655,3.15472043135363,3.17202805788347,3.23615450805428,3.40897433255224,3.6495168173335
1.33082718637696,1.33190202342364,2.92255932360662,3.04068248917903,3.1182892745863,3.34467517107416,3.34827015039109,3.41914623846363,4.02551586756282,4.45227413801082
1.33190202342364,1.3374083146145,2.8021384690982,2.91413675039453,3.15472043135363,3.24905847900588,3.34232104980955,3.34430291690211,3.38148724675992,3.4998584257081
1.33376384716336,1.3374083146145,2.77741228484357,2.85870600097317,2.9633651479357,3.22090825699832,3.40897433255224,3.41914623846363,3.47199899193534,3.7826110029978
1.32800640058699,1.33376384716336,3.05978136473834,3.08125331642823,3.14413756060386,3.19073612196308,3.30488638231332,3.35384749206043,3.4998584257081,4.02551586756282
1.32800640058699,1.33459132321472,2.9862186791995,2.99845843726405,3.19735093475834,3.22090825699832,3.34232104980955,3.34827015039109,3.59766952345543,3.97874590794637
1.33046946601566,1.33459132321472,2.9633651479357,3.05679325437622,3.23693713253748,3.23864632215375,3.30488638231332,3.32073395501657,3.33684431761507,3.34430291690211
1.32445347219146,1.33046946601566,2.76842355863405,2.85870600097317,3.04359359967786,3.10163086133731,3.19735093475834,3.25439948377577,3.35384749206043,3.36045592144875
1.32445347219146,1.33286946097508,2.99845843726405,3.05978136473834,3.23693713253748,3.28648170541082,3.33795835803864,3.46742397176924,5.08335528957007,5.49574771982849
1.32683759367905,1.33286946097508,2.9862186791995,3.21375263516034,3.24734691710018,3.33684431761507,3.36045592144875,3.48291156936262,3.52747430890715,3.63143745643512
1.32683759367905,1.32950742758361,2.79648511528311,3.02423031530338,3.05679325437622,3.22030821506265,3.33795835803864,3.48691898385953,3.72362444400614,3.7458223396205
1.32204273758453,1.32950742758361,2.92470955822967,3.24734691710018,3.25439948377577,3.28648170541082,3.39119860816202,3.91077191868818,3.95556367664585,4.31921844782132
1.32204273758453,1.32806814584192,2.79648511528311,3.46742397176924,3.4739687678504,3.52747430890715,4.06070006279705,4.78755950354666,5.71598626660351,6.88716930240574
1.32806814584192,1.32872608162856,3.21375263516034,3.22030821506265,3.41555412781001,3.47502446034557,3.91077191868818,5.49574771982849,5.80866258272935,6.9919676057602
1.32872608162856,1.33286083294543,2.89837989228465,3.02423031530338,3.41071532086745,3.4739687678504,3.53733020793931,4.13035700636156,4.42034998614363,4.88053941690875
1.32634460077312,1.33286083294543,3.45327134757754,3.47502446034557,3.7458223396205,3.95556367664585,4.06070006279705,6.53295239535694,6.69377800647736,7.07503279144344
1.32634460077312,1.32923925611607,2.89837989228465,2.92470955822967,3.25790085791449,3.44831466081621,3.50407134630561,3.78321569567478,4.24067329559823,4.78755950354666
1.32923925611607,1.35205473261995,3.14712154198086,3.45327134757754,4.15525233890795,4.31921844782132,6.00152197363302,6.05478802271392,6.0654292510918,6.50060835614637
1.32487773020758,1.35205473261995,3.04359359967786,3.39119860816202,3.50407134630561,4.00657160175629,5.09945614747298,5.56220918340905,5.62891410486961,6.69377800647736
1.32487773020758,1.32510414685035,3.0841677969916,3.10163086133731,3.49559494220941,3.70141635053394,3.768397670098,4.15525233890795,4.43812854703421,4.53395996894547
1.32510414685035,1.36037788867652,2.76842355863405,3.19073612196308,3.7826110029978,3.79365588845377,3.80537777362511,4.00657160175629,4.01913037857694,4.05373420440956
1.33240159111283,1.36037788867652,3.10929316726487,3.14413756060386,3.27067959298981,3.28281373215112,3.49411204743065,3.768397670098,4.50668004189337,5.52549092841532
1.32614554254048,1.33240159111283,3.77554419918507,3.80537777362511,4.21102303484557,4.61649953969455,6.76456990502722,6.86759652280185,6.9683981660063,7.10453137089281
1.32614554254048,1.32846113981554,3.02789398757619,3.27067959298981,3.6495168173335,4.05540922719274,5.18570573789142,5.3396738664454,5.92213525681405,6.29128945447593
1.32846113981554,1.33159340641204,3.23244427639519,3.75522436080722,3.83995247366422,3.89255199066114,4.00610908488524,4.01555139426704,4.04257269569763,4.61649953969455
1.33159340641204,1.33342416357287,2.80752809424946,2.82932147342786,3.02789398757619,3.22126388239151,3.56056680881008,3.94709716120594,5.47696028833513,5.68658465161647
1.32956271006673,1.33342416357287,3.51689038782843,3.5862880531268,3.73016165869524,3.77305751347631,4.00610908488524,4.08986686824889,4.33623465693452,4.71161214447879
1.3259181724375,1.32956271006673,3.12166381918361,3.25303873324619,3.28393026722554,3.3636447493753,3.5242104080205,3.68023708475419,3.70414983498238,3.94709716120594
1.3259181724375,1.33089481177139,2.86320711790118,2.96705982413567,3.08541990659294,3.11863992791729,3.31382875236485,3.60860762621818,3.97621453143565,4.04588000316371
1.33089481177139,1.33222032712311,2.95119060719568,2.99638215186248,3.04353445848737,3.23858364103816,3.25228734892844,3.68023708475419,3.68394530361133,3.69758042508882
1.32698681229317,1.33222032712311,2.64601077095313,3.08541990659294,3.10900257317359,3.39109687269473,3.48960427555905,3.56169706741042,3.8239180169036,5.08764886760083
1.32698681229317,1.33105784998249,2.927569811294,2.96705982413567,3.25228734892844,3.39361473947766,3.5242104080205,3.52689239983303,4.02138943650077,4.483091455681
1.33105784998249,1.33340803957378,2.70401386830763,2.84662062804301,3.11863992791729,3.15472629557621,3.23858364103816,3.39109687269473,3.54415617601708,3.61262702198829
1.3293731605535,1.33340803957378,3.04353445848737,3.15455274167353,3.35394603415141,3.39361473947766,3.43705746242334,3.56169706741042,3.62989834568408,3.63597428483756
1.3293731605535,1.33708414095748,3.10900257317359,3.15472629557621,3.36593790792403,3.52689239983303,3.69233124191208,5.1354769009314,5.81057613322466,6.06369046043744
1.33458682744886,1.33708414095748,2.84662062804301,2.927569811294,3.28393026722554,3.35394603415141,3.77258041663793,3.92497248397998,4.92860426490097,5.32689909797436
1.33458682744886,1.35270469800323,2.66292414461997,2.70401386830763,3.18312896377134,3.3590203929122,3.36593790792403,3.47245244747858,3.65049010408192,3.65293785876519
1.33303638359949,1.35270469800323,3.15455274167353,3.49812878550805,3.69233124191208,3.77258041663793,4.74015917454256,5.10134452865125,5.65906714927469,6.42371053208346
1.33303638359949,1.3372995176848,3.3590203929122,3.98163232858083,5.52703392426716,5.57167201116505,6.44476267988201,6.8767018984394,7.24515872841996,7.26168279395348
1.33111494620111,1.3372995176848,3.33191041296131,3.47245244747858,3.49812878550805,3.76100877425193,3.85572626103047,4.22764248724984,5.69104577384508,6.3422794798085
1.33111494620111,1.33186823672614,2.72516623346173,2.92082043268668,3.11231393018121,3.98163232858083,4.96170807283137,5.41046338126412,5.65906714927469,6.58711302468692
1.33186823672614,1.33213137490264,3.01557506953483,3.10748209970709,3.20746332792754,3.53708651293688,4.22764248724984,5.19103920231778,5.57355129159138,5.67919017114236
1.32899736643832,1.33213137490264,3.10994967804947,3.11231393018121,3.27090583783759,3.54584855852587,4.59547636268537,5.23009177739741,5.45645938315315,5.58008539361182
1.32899736643832,1.33205705583507,2.92082043268668,3.01448851382784,3.20746332792754,3.31139245635428,3.33191041296131,3.5939602112433,5.20403478082151,5.6499579644454
1.33205705583507,1.33214713902031,2.72516623346173,2.95723012293599,3.01557506953483,3.18312896377134,3.2632405672889,3.27090583783759,3.30786471912018,3.4206625089301
1.32873548910233,1.33214713902031,2.99094266076767,3.00091419404154,3.09445390981995,3.10748209970709,3.21798648225874,3.31139245635428,3.49404264427325,3.54584855852587
1.32873548910233,1.33942711634489,2.7792813819403,2.93165976879992,3.10994967804947,3.18497142844328,3.30786471912018,3.4847025698042,3.5939602112433,3.88054326093654
1.332009759724,1.33942711634489,2.74521911693766,3.01448851382784,3.14399761450291,3.21798648225874,3.2632405672889,3.299158377526,3.65293785876519,3.85572626103047
1.332009759724,1.33279068123993,2.95650249450259,2.95723012293599,3.09445390981995,3.32475442702164,3.43648337694219,3.44560139888525,3.4847025698042,3.54415617601708
1.32588008507557,1.33279068123993,2.95522672565067,3.00091419404154,3.14399761450291,3.18497142844328,3.37964021753796,3.47210858125146,3.67327823612642,3.74645031996956
1.32588008507557,1.33014472896749,2.7792813819403,3.299158377526,3.38096642988362,3.44560139888525,3.60790992127021,4.62564471182126,5.09430564454077,6.29260160823804
1.32879193254625,1.33014472896749,2.66292414461997,2.74521911693766,3.37964021753796,3.43648337694219,3.82240408643565,5.21771492130415,6.10814652738456,6.19881674192745
1.32879193254625,1.33382045268469,2.95650249450259,3.15541914806892,3.38096642988362,3.56056680881008,3.5675812534545,3.70414983498238,3.74645031996956,4.50668004189337
1.32632348995258,1.33382045268469,2.95522672565067,3.28281373215112,3.51101167756531,3.56028229217853,3.82240408643565,4.20170465406601,4.20562302162236,4.34314736107353
1.32588762721431,1.32632348995258,2.80752809424946,3.15541914806892,3.23244427639519,3.25257221288014,3.49411204743065,3.93167508830524,4.05540922719274,4.18206300765543
1.32503358448003,1.32588762721431,2.99926741055212,3.22126388239151,3.32475442702164,3.46047092170993,3.5675812534545,3.68783486615114,3.89640257160371,4.04257269569763
1.32042720359738,1.32503358448003,2.82932147342786,3.23007507652686,3.25303873324619,3.33253087007457,3.38802051351523,3.48729135576596,3.58967463706671,3.71437020233579
1.32042720359738,1.33395427207982,3.09007135839935,3.09994290269998,3.26972980535089,3.3636447493753,3.4022639521354,3.49404264427325,3.68076473032439,3.68783486615114
1.32983495216512,1.33395427207982,2.95119060719568,3.12166381918361,3.22929233733956,3.38802051351523,3.49637040371869,3.60860762621818,3.82446257662433,4.26452822713134
1.32889916848495,1.32983495216512,2.83774734604757,2.99638215186248,3.6150416318488,3.82345877446063,4.00793587773058,4.04588000316371,4.43765354663926,4.48610064532663
1.32883633303729,1.32889916848495,2.82469290366227,3.22649670695632,3.26972980535089,3.69866651646239,3.70663634579925,3.74332071829278,3.82446257662433,3.89678547010225
1.32883633303729,1.33423761002304,3.53522842260581,3.54729037435618,3.6150416318488,3.68737738779203,3.74431489060415,4.15239448992988,4.7437544202878,4.76984790113899
1.32254489526821,1.33423761002304,3.25767984921785,3.33807429515881,3.54648079086861,3.89678547010225,4.0955617441323,4.27237884556133,4.48610064532663,5.47196756203836
1.32254489526821,1.33135832892576,3.06446553251949,3.3193573173131,3.39463621025877,4.15239448992988,4.54486402436861,5.32945578835213,5.49858690937953,5.56409732121932
1.33135832892576,1.33750551400732,2.63803335839409,3.05592293751004,3.33807429515881,3.48960427555905,3.69758042508882,3.79590832344513,3.8393031919868,3.92116079751902
1.33267888105125,1.33750551400732,2.64601077095313,3.63597428483756,4.27670550774776,4.54486402436861,5.42802146274312,6.06369046043744,6.83030760654306,7.3621363068066
1.31846918811173,1.33267888105125,2.63803335839409,3.23635056815543,3.62989834568408,4.30554351969644,5.11507673451728,5.32945578835213,5.34311688062314,6.42371053208346
1.31846918811173,1.3354212818433,3.3193573173131,3.8393031919868,4.27670550774776,4.43882236634898,6.59879572346349,7.3056226291809,7.66341359969564,7.93170353707197
1.33053861274297,1.3354212818433,3.05592293751004,3.23635056815543,3.39463621025877,3.93476416065817,4.27237884556133,5.42802146274312,6.00227373584378,6.01672344386876
1.32274600736498,1.33053861274297,3.06446553251949,3.25767984921785,3.54729037435618,3.55589594898388,4.39891418420501,4.43882236634898,4.47272914449333,5.34311688062314
1.32274600736498,1.32298148135188,2.99094266076767,3.4022639521354,3.4206625089301,3.53708651293688,3.77919581392656,3.92116079751902,3.92724801865123,3.93476416065817
1.32298148135188,1.33018419777112,3.49221806306536,3.53522842260581,3.55589594898388,3.69866651646239,4.59547636268537,5.20787173421159,5.47196756203836,5.77151565881961
1.32868393532849,1.33018419777112,3.38582648698955,4.47272914449333,4.50786202095849,4.55648603641007,4.76984790113899,4.85793587853936,5.48433304969711,6.11977826395696
1.32704898176367,1.32868393532849,2.70749422898739,2.76722116933215,3.22649670695632,3.42876085488621,3.49221806306536,3.52606480371532,3.71377947649022,3.74431489060415
1.32704898176367,1.34083779779659,3.17756101436306,3.27478884815495,3.33497481249859,3.58412681137261,4.42954647791396,4.45293947859164,4.55648603641007,4.80357929048746
1.32773303039429,1.34083779779659,2.73954412265983,3.04482593919587,3.30166639744236,3.65395703313545,3.67151712511327,3.71377947649022,4.05833771389223,4.08992237090143
1.32409251942604,1.32773303039429,2.91842097717242,3.14114660593866,3.14415998320696,3.15094557236395,3.33497481249859,3.85084328426904,4.06830419216656,4.12054862852024
1.32409251942604,1.32824018912243,2.63081907397677,3.12738484999848,3.15144236818635,3.58412681137261,3.65395703313545,3.93529782862746,3.97607670952158,4.06155672125849
1.32703805521922,1.32824018912243,2.70749422898739,2.74487358543158,2.74852887923704,3.27928254348417,3.41722782383616,3.77533746835962,3.83567947044588,4.05833771389223
1.32197768513693,1.32703805521922,2.74309788378031,2.80022463384637,2.81486660429939,3.17304979475583,3.20583546053131,3.2507020780133,3.26022376532655,3.39557196949203
1.32197768513693,1.33514568493479,2.93395398736926,3.27478884815495,3.27928254348417,3.36215020485403,3.54648079086861,3.57138558545559,3.68122805596176,3.68737738779203
1.33199512011118,1.33514568493479,2.87543318475669,3.17304979475583,3.42156806157645,3.46893095924378,3.57866469510626,3.65758308176315,3.92686312468362,4.57973743788877
1.33199512011118,1.35186167931486,2.75914968785675,2.81486660429939,3.34538144312424,3.56575153368823,3.73309710562155,3.88123459739295,3.96666925770224,4.12614444730186
1.33037851756558,1.35186167931486,3.54500521861393,3.57866469510626,4.00661964753332,4.41383302810607,4.45272972456223,5.16417137593245,5.76213458711266,5.92785045357927
1.32848108755827,1.33037851756558,2.87195316814185,3.03263400363446,3.04264325874724,3.34538144312424,3.70155156657313,3.87327329270735,3.95790057985291,4.7174786697981
1.32848108755827,1.33488613746641,2.984630797938,3.07060938577345,3.2605853768917,3.27570358854399,4.45272972456223,5.37652852684704,5.62197598714189,5.75663382542263
1.3315765092551,1.33488613746641,2.87195316814185,3.52796272656047,3.54527981970394,3.97621453143565,4.02138943650077,4.75334881951662,5.0287328423769,5.2451642490965
1.3315765092551,1.33375185098278,3.03263400363446,3.27570358854399,4.72948474994898,5.76213458711266,5.93547386482326,7.38854579738124,7.43024185339885,7.47602314068115
1.32986841454333,1.33375185098278,3.04264325874724,3.31382875236485,3.52796272656047,3.54500521861393,3.62455997329331,3.8239180169036,4.12614444730186,4.483091455681
1.32986841454333,1.33640001496558,2.86320711790118,3.65758308176315,3.73309710562155,3.90796622298607,4.00661964753332,4.00793587773058,4.72948474994898,4.74223259657305
1.3324278592104,1.33640001496558,2.75914968785675,3.36215020485403,3.46893095924378,3.49637040371869,3.55527579802186,3.62455997329331,3.71676875794016,3.87327329270735
1.3324278592104,1.3342117523092,2.74309788378031,2.86497364734826,3.14614971036027,3.28803801681185,3.56575153368823,3.76500743691165,3.88166484900487,3.95790057985291
1.33094064480727,1.3342117523092,2.82469290366227,2.83774734604757,3.22929233733956,3.2507020780133,3.35477331573983,3.42876085488621,3.55527579802186,3.58601784713908
1.33094064480727,1.33604416094678,2.78378483363927,3.09007135839935,3.38418321017051,3.58967463706671,3.74332071829278,3.89304122762655,4.29640535797078,4.35085129601093
1.33044578995162,1.33604416094678,2.76722116933215,3.09994290269998,3.12032706619034,3.23007507652686,3.46047092170993,3.49088455838918,3.49566102475626,3.79083592364534
1.32976163277484,1.33044578995162,2.84968226299004,2.91881979573937,3.66699795473082,3.83995247366422,3.87881386508814,3.89640257160371,3.991916832801,4.01860000497686
1.32976163277484,1.33161142980976,2.99926741055212,3.25257221288014,3.40859795223784,3.69059412561176,3.79083592364534,3.98485796484642,4.01859490369457,4.09259941846255
1.32241218990147,1.33161142980976,2.68593931428095,3.29903031207657,3.38666650262467,3.51101167756531,3.52677884194629,3.94191032368825,3.96401740662172,4.01913037857694
1.32241218990147,1.3340813318535,3.29130171816562,3.30653625414875,3.44435683401125,3.47210858125146,3.56028229217853,3.60790992127021,3.70545786644512,4.12964320492703
1.3340813318535,1.33484156363218,2.70787444317494,2.81106243260444,3.097393420281,3.25661695629068,3.38603854083205,3.51368182964821,3.52677884194629,4.61400043346335
1.33367499789117,1.33484156363218,3.30653625414875,3.41408391812504,3.43952060613104,3.49559494220941,4.94121634822844,5.17675129787012,6.21850552785796,6.36616509368081
1.32820405058861,1.33367499789117,3.16454957300403,3.25661695629068,4.08087453862527,4.14290972626728,4.28488949682486,5.70265499570156,5.94391823631517,6.03155999721465
1.32820405058861,1.33211898867931,3.04961259834753,3.43952060613104,3.51368182964821,3.61767895203541,4.05922184661051,4.15015915357472,4.30794893191644,4.58371050569296
1.33211898867931,1.33336004139917,2.81106243260444,3.16454957300403,3.29130171816562,3.41408391812504,4.07598527965938,4.7862371441457,6.29260160823804,7.60983534644476
1.33170041676047,1.33336004139917,2.70787444317494,2.93165976879992,3.04961259834753,3.44435683401125,3.83514184874562,3.94191032368825,4.94121634822844,5.47988412286245
1.32156384635779,1.33170041676047,3.29903031207657,3.67327823612642,3.70545786644512,3.77345107295696,3.88054326093654,4.09259941846255,4.16990707330511,4.63832523654821
1.32156384635779,1.33076369051759,2.68593931428095,2.94124089458854,3.097393420281,3.34520163816772,3.40859795223784,3.42003625711775,3.66187015061976,3.83514184874562
1.32985826312431,1.33076369051759,2.87097840465581,3.49088455838918,3.66699795473082,3.70570384677459,3.98485796484642,4.16990707330511,4.55667543281283,4.9948562541879
1.32985826312431,1.33180591679118,2.91881979573937,3.1131111448196,3.34520163816772,3.38666650262467,3.71469056584798,3.86749337426711,4.12825822835733,4.44076142119795
1.32552668777358,1.33180591679118,2.84968226299004,2.95892784636598,3.12032706619034,3.62332306039636,3.70570384677459,4.27907221252458,4.35085129601093,4.86253267341208
1.32552668777358,1.33242973548326,2.91354818048372,3.31493514265362,3.38418321017051,3.49566102475626,3.52606480371532,4.55667543281283,4.75364828316105,4.76764522589506
1.32376319634593,1.33242973548326,2.78378483363927,3.35477331573983,3.45996387264376,3.4950184548869,3.62090941615501,3.71437020233579,3.73573995347642,3.81514901412776
1.32376319634593,1.32632537486094,2.98185848088068,3.12716820781998,3.28803801681185,3.58601784713908,3.83567947044588,3.91056581583791,4.49529509598647,4.58368498044968
1.32001553021167,1.32632537486094,2.86497364734826,3.20583546053131,3.36589141238989,3.52426573912921,3.76158610163319,3.79856999408988,3.95141974485121,3.99019560924023
1.32001553021167,1.32529468421178,2.74852887923704,2.8164882389245,2.84137625104455,2.96247801679608,2.98185848088068,3.06803340920532,3.15144236818635,3.16237980008727
1.32529468421178,1.33393478101442,2.70783178945813,3.12738484999848,3.40538323834484,3.41722782383616,3.44670088635495,3.47528847723466,3.68445423366881,3.76158610163319
1.33393478101442,1.33490299273018,2.51078533530845,2.73330312991443,2.95700016909029,3.22185490051926,3.62567455792712,3.97564384722777,4.65161197865858,4.7361929859329
1.3249154690017,1.33490299273018,3.19563264471998,3.51146251581873,3.56379432627642,3.93073351933198,4.5220820425994,4.62410650828893,5.23238205791588,5.88435119618127
1.3249154690017,1.33596182580192,2.88039823635552,3.10083875749772,3.22185490051926,3.26648970609123,5.01563016977927,5.74621518914842,6.2957341112852,6.92501155233694
1.33514568493479,1.33596182580192,2.51078533530845,2.82221278432368,3.26022376532655,3.29165642192499,3.3541033078902,3.42156806157645,3.51146251581873,3.68445423366881
1.33498801492748,1.33514568493479,2.73330312991443,2.93000153583578,3.26648970609123,3.27561185124245,3.40538323834484,3.52645459349755,3.56379432627642,3.68369936341173
1.32951494914499,1.33498801492748,3.10083875749772,3.19563264471998,3.27727051065364,3.29165642192499,3.4985445545255,4.36222752730758,4.52206888492425,4.64251774363868
1.32951494914499,1.33300937731135,2.88039823635552,3.11245465830428,3.27561185124245,3.32483292813338,3.3541033078902,3.55036575580601,3.92686312468362,5.23238205791588
1.33190127261745,1.33300937731135,2.73954412265983,2.74487358543158,2.77721083103174,2.82162524088512,2.82221278432368,2.87543318475669,2.93395398736926,3.09502843282578
1.32851420767713,1.33190127261745,2.80748161169401,2.93000153583578,3.15644325150952,3.16343294539334,3.30166639744236,3.50072649602907,3.55036575580601,3.63936807701557
1.32851420767713,1.33006052493862,3.09502843282578,3.27727051065364,3.32483292813338,3.51012677833721,3.52515006772762,4.06520921970813,4.64477825089638,5.04816540933436
1.33006052493862,1.33106348458667,2.82162524088512,3.11245465830428,3.15644325150952,3.36075437959991,3.68122805596176,5.04881233558943,5.41484949005972,5.44090608262999
1.33106348458667,1.33150628988375,2.77721083103174,3.04482593919587,3.13631583231026,3.51012677833721,3.57138558545559,3.63936807701557,4.47663422673776,4.9787004328439
1.33150628988375,1.33611489026955,3.16343294539334,3.36075437959991,3.50143470594555,4.06520921970813,4.24936383474044,4.85327271024409,6.50342232981989,6.98006977042493
1.32789344452031,1.33611489026955,2.80748161169401,3.13631583231026,3.15767161053837,3.45289414839204,4.13578263452034,4.82044375550633,5.04816540933436,5.74013458030385
1.32789344452031,1.33363375782109,3.2755277437384,3.33307500665677,3.50143470594555,3.52515006772762,3.66311015395388,5.18135455262425,5.44090608262999,5.74909610286695
1.33363375782109,1.33516029000266,2.98165289730378,3.15767161053837,3.41274098050233,3.88823173177731,4.24936383474044,5.86544482541606,6.91226120744869,7.37759107026135
1.33170905230835,1.33516029000266,2.91842097717242,3.00714964709108,3.06667458332312,3.14409382811646,3.2755277437384,3.43817655160406,3.45289414839204,3.67151712511327
1.32974809644534,1.33170905230835,2.98165289730378,3.18441250468591,3.29313968728932,3.33307500665677,3.50072649602907,3.54929528216518,4.57384039948925,4.64251774363868
1.32492905470444,1.32974809644534,2.80059850746229,3.06667458332312,3.41274098050233,4.00845868133875,5.18135455262425,5.44784507856088,5.95043502611364,6.57099855425338
1.32492905470444,1.33258958423064,2.78219787218666,3.00714964709108,3.29313968728932,3.32616986938431,3.34462210122459,3.40819321635379,3.85336593123467,3.88823173177731
1.32589630062083,1.33258958423064,2.783597851702,3.00574932421185,3.06089496716238,3.1929669588018,3.35614362028802,3.50059052161203,4.00845868133875,4.73954280495493
1.32589630062083,1.32988758923452,3.07139675066573,3.07156718956301,3.10364124859817,3.14114660593866,3.32327383764865,3.32616986938431,3.46494011492262,3.46774292588133
1.32988758923452,1.33604303822893,3.14409382811646,3.14415998320696,3.14755301782194,3.34462210122459,3.35614362028802,3.37014450728748,3.4374867272471,3.49730224601764
1.33263235740395,1.33604303822893,2.78219787218666,2.80059850746229,3.08557369058008,3.18441250468591,3.31076501733361,3.32327383764865,3.36044089369237,3.50059052161203
1.33263235740395,1.33433916228221,2.94923481601584,3.00574932421185,3.30046178587179,3.3214558554947,3.37014450728748,3.46774292588133,3.59491001278196,4.02105073332829
1.32733831407068,1.33433916228221,3.06636690563931,3.07156718956301,3.1115407758858,3.23067438780203,3.36044089369237,3.42870558666095,3.4374867272471,3.72693734854773
1.32733831407068,1.33168277003196,3.14755301782194,3.19770104919144,3.30046178587179,3.31076501733361,3.54929528216518,3.68369936341173,3.93073351933198,4.52206888492425
1.33087414882099,1.33168277003196,3.08557369058008,3.23067438780203,3.49685186989669,3.59491001278196,5.23836482120136,5.28182809262096,5.85267981355549,5.89951955670968
1.3278456235572,1.33087414882099,3.1115407758858,3.19770104919144,3.3214558554947,3.33823306556028,5.30480857336059,6.19887255878034,6.65370002329531,7.07471914636899
1.3278456235572,1.33816964544858,2.94923481601584,3.49685186989669,3.8233884186674,4.49288927083675,4.74095528348455,4.84816109468322,5.27560205095115,5.75383176674466
1.33816964544858,1.34795994005757,3.10364124859817,3.33823306556028,3.42870558666095,3.802002893213,3.98234428446361,4.02105073332829,4.23079413349314,4.40000556817829
1.32957361586337,1.34795994005757,2.67197193099029,3.37900236756354,3.64480260096483,3.7454880856839,4.38523043864288,4.49288927083675,4.64638816716813,5.31977330344067
1.32663107154928,1.32957361586337,2.77570711711448,2.8164882389245,3.23550923349014,3.42201154293787,3.52426573912921,3.71703578137203,3.97564384722777,3.98101168046516
1.32439382360384,1.32663107154928,2.82807814602072,2.94957810542457,3.06803340920532,3.17368728768289,3.38111386971808,3.7454880856839,3.88391168797644,4.06129462117685
1.32439382360384,1.32810579397878,2.86177724500004,3.42518408264432,3.47815094554564,3.61028710769656,3.77767507866942,3.86517334669481,3.91056581583791,3.95141974485121
1.32620360427802,1.32810579397878,2.96247801679608,3.12716820781998,3.41173474936139,3.46810769728969,3.4950184548869,4.2757371294316,4.6726207849557,4.77497780099552
1.32620360427802,1.32786369782444,3.0098486672921,3.31493514265362,3.51800113700948,3.55669073718815,3.81514901412776,3.83394287907371,3.83401278036472,4.15321056533376
1.32786369782444,1.33149652646937,2.91354818048372,2.95892784636598,3.17921122292936,3.74663849336975,3.79002810015968,4.11948091390165,4.39627353562082,4.44076142119795
1.32975486462731,1.33149652646937,2.77076686135806,2.94970117130533,3.34462703451371,3.62332306039636,3.86749337426711,3.96446490714699,4.05841791835193,4.08217650279848
1.32975486462731,1.33072085727999,3.04507224873237,3.1131111448196,3.44780524391967,3.55770009978357,3.82442518556711,4.11948091390165,4.16111343272447,4.16780337827974
1.33072085727999,1.33724006820017,2.58290263076253,3.0110471600425,3.16884647782123,3.27046265840171,3.34462703451371,3.37807948396719,3.46913663610991,3.49224311868461
1.33313202647,1.33724006820017,2.6983910020603,2.89075232422288,3.25192158577048,3.47280678990352,3.54761060433639,3.55770009978357,3.64018433599179,3.6700455038051
1.33094102048137,1.33313202647,2.87097840465581,2.94124089458854,3.15643944975981,3.37807948396719,3.45151213238488,3.46287467286935,3.54333303543429,3.70602401503282
1.32987555808805,1.33094102048137,2.95714609040541,3.04507224873237,3.10930104685924,3.23965600025682,3.25192158577048,3.33559724787031,3.53566372835427,3.75918781121667
1.32637023488919,1.32987555808805,2.58290263076253,3.0902766866415,3.10583418746075,3.200778655265,3.46287467286935,3.47280678990352,3.63895740563145,3.81061989707711
1.32637023488919,1.33011089763222,2.89075232422288,3.10030546882078,3.10188233174632,3.33559724787031,3.44913583379953,3.46879013490295,3.61767895203541,3.66187015061976
1.32980073695272,1.33011089763222,2.95714609040541,3.0841677969916,3.0902766866415,3.38603854083205,3.45140580053983,3.45151213238488,3.80995669266725,4.05373420440956
1.32886756300242,1.32980073695272,3.10930104685924,3.200778655265,3.25790085791449,3.28232676618279,3.40668357790975,3.41714354395598,3.46879013490295,3.72362444400614
1.32886756300242,1.33084972855691,3.10583418746075,3.44831466081621,3.45140580053983,3.51347022187467,3.63484882766808,3.80683713862308,3.85229671754397,4.01129767033064
1.32831246324048,1.33084972855691,3.10030546882078,3.14712154198086,3.28232676618279,3.70141635053394,3.80995669266725,4.08087453862527,4.24067329559823,4.42972978859885
1.32831246324048,1.34008246014938,3.10188233174632,3.4244300255663,3.51347022187467,3.72281519820686,3.96950853381121,4.02264229083323,4.28488949682486,4.30794893191644
1.32940889119939,1.34008246014938,3.28747958168564,3.48744849424332,3.95655847928474,4.14290972626728,4.15015915357472,4.42972978859885,4.47542187955504,5.89669814387679
1.32940889119939,1.33287396253359,2.92502598279058,3.04824638111817,3.31367243402241,3.4244300255663,3.45653815254511,3.6269466497317,3.69472989540508,4.02880466143495
1.33287396253359,1.33410944078812,2.92893103367082,2.96003952676311,3.04782299354802,3.14963267699585,3.35817524855389,3.63593069240875,3.65520464543368,3.6700455038051
1.33248151957166,1.33410944078812,2.59975864264359,2.74221042226887,3.04824638111817,3.42061778046014,3.42525458907801,3.68689584881374,4.34151793731179,4.94979736958999
1.33148263225623,1.33248151957166,2.92502598279058,2.92893103367082,2.99460381352859,3.43743450846704,3.48744849424332,3.5099790597666,3.7089898894443,3.72281519820686
1.32581672941625,1.33148263225623,3.04782299354802,3.42525458907801,3.64018433599179,3.78184320140325,3.81061989707711,3.96950853381121,4.15336441935932,4.15608638023803
1.32581672941625,1.32793599243337,2.5258236280469,2.68921773012153,2.74221042226887,3.14963267699585,3.48501822089928,3.5099790597666,3.54761060433639,3.56338953806625
1.32793599243337,1.32988946909132,3.6174413609622,3.73857486216339,4.53003200871694,4.78020982803056,4.94979736958999,5.54898305998496,5.6871061182292,5.82897023495575
1.32988946909132,1.33176762237261,3.56286205177804,3.56338953806625,4.38558342754986,4.45251367207334,4.8648687546531,4.95833147338901,5.43762227448726,5.63187934884973
1.32703202674239,1.33176762237261,3.07700601234382,3.31645443207049,4.16185775826133,4.38681991880223,4.78020982803056,4.97813961234516,5.87008296363859,6.14491017021404
1.32703202674239,1.33755523250444,2.85547386610349,3.10382183767046,3.43574155023337,3.49205913466539,3.56286205177804,3.6269466497317,3.63593069240875,3.68689584881374
1.32691220508367,1.33755523250444,2.86942851453038,2.93285014959851,3.03321116970118,3.95466673690717,4.38681991880223,4.90627384070641,6.37501043136402,6.73767504410832
1.32691220508367,1.33302288052381,2.61823623838644,3.16645637898266,3.3199018057768,3.82730675540908,4.97094327064794,6.90137167525413,7.51483765626378,7.71512099710692
1.33302288052381,1.3342840776986,2.87109769948708,3.03321116970118,3.19986593469164,3.473948473999,4.94476298724216,6.04759464580754,7.57070208104902,8.24599405772282
1.3342840776986,1.33554108884751,2.86942851453038,2.90995824712314,3.1372862476988,3.3199018057768,3.40694892829347,3.69472989540508,3.71081257947636,3.88001095359279
1.33554108884751,1.33930952359789,2.85547386610349,2.93285014959851,3.16645637898266,3.473948473999,3.55604415045708,3.71730090253668,4.16185775826133,4.51660536243759
1.32908577601297,1.33930952359789,2.61823623838644,3.1372862476988,3.19986593469164,3.47177605844617,4.90627384070641,5.88130172665882,6.52447001679064,7.45964000471873
1.32908577601297,1.33500936326304,2.87109769948708,3.40694892829347,3.55604415045708,3.63862858780613,4.97094327064794,6.76787891440147,7.02646347745436,7.67785712292173
1.33500936326304,1.34537132420756,2.90995824712314,3.47177605844617,3.71138168341657,3.71730090253668,3.787005413252,4.03119163523641,4.2396552925916,4.94476298724216
1.33432717127397,1.34537132420756,3.38247143373008,3.63862858780613,3.7089898894443,5.41127193920247,5.61073373098386,5.88130172665882,5.92873241089527,6.25033231116554
1.32843780434012,1.33432717127397,3.0677571611847,3.43743450846704,3.5492910559716,4.2396552925916,4.34151793731179,5.54692860960009,6.59729308125689,6.63879552328584
1.32843780434012,1.33278467878348,3.38247143373008,3.42061778046014,3.71138168341657,3.80730600293699,3.88001095359279,3.8824422725908,4.11908315041102,4.51660536243759
1.33278467878348,2.59975864264359,3.48501822089928,3.5492910559716,3.73857486216339,3.97168352213517,4.06574039997637,4.15608638023803,4.2470512123119,4.38558342754986
