1.33399325335625
3.26781731435526
3.20813621905305
6.89700297230616
8.39711236080595
2.87238663832013
4.74276069394187
6.73164251873196
6.4898244968566
8.34065279219798
1.32938105898948
3.31234584546964
6.64640895521785
4.54948326736125
3.30754017360334
2.79080812669019
4.92260967374014
6.74529628704329
6.69038459283172
1.32832450854451
3.46230486814781
3.47485035649019
2.88085351935846
3.63143745643512
6.88716930240574
3.41555412781001
3.41071532086745
1.31938243129125
4.13387796143041
7.34738599775458
6.44992503832409
7.23230039475684
1.32530222968197
3.81812283720679
6.88451501559841
6.3248526465049
3.14876070859632
5.78651570463608
6.46040246424323
1.32417068386217
4.79039048512749
3.3503850524977
3.83381102820679
3.78490977435394
3.07700601234382
3.43574155023337
3.95466673690717
1.34427712916645
2.78282841727621
2.81060384970917
5.10231212294975
3.31367243402241
3.65520464543368
5.54246641848194
3.49205913466539
6.73767504410832
1.33290697349815
3.90431120685839
4.05922184661051
3.44913583379953
3.28747958168564
3.45653815254511
2.96003952676311
5.12793457446563
1.32316778981352
3.81273196015665
4.58371050569296
4.63832523654821
3.42003625711775
4.9948562541879
3.15643944975981
4.24952303205901
3.35817524855389
1.32442704593345
4.53359316657329
3.54333303543429
4.33170936236493
3.10382183767046
1.32486263438894
2.87351805284045
4.2244793762072
2.68921773012153
5.82897023495575
4.45251367207334
4.97813961234516
4.11906178637806
1.32318214921454
3.42238469491669
5.43762227448726
3.31645443207049
1.32854544521443
3.96169231516028
2.5258236280469
3.6174413609622
4.95833147338901
6.14491017021404
1.33228713121459
3.06129515074911
3.38346287108341
3.89745365591433
3.48691898385953
3.08425063832368
4.88053941690875
4.01129767033064
1.3282955243469
3.83181340881834
4.58562111387324
1.33158439462168
4.05841791835193
3.44780524391967
3.27046265840171
2.6983910020603
3.97978718023967
1.32925693528377
3.18235101772259
3.17921122292936
2.94970117130533
4.16111343272447
3.49224311868461
1.32911173345208
3.72912710965985
3.83394287907371
3.74663849336975
2.77076686135806
4.16780337827974
3.16884647782123
3.23965600025682
1.33268863580358
3.55669073718815
3.79002810015968
1.33259783880959
3.640913209622
3.45996387264376
3.42518408264432
3.46810769728969
3.0098486672921
4.39627353562082
4.08217650279848
1.33403035947463
2.84137625104455
2.82807814602072
3.47815094554564
3.41173474936139
1.33497602974735
3.73065637656432
4.74557994348425
3.07983278766884
3.17368728768289
2.86177724500004
1.33204241674205
4.36255899673575
7.96125404694512
4.63002721374292
3.64480260096483
3.71703578137203
1.33397526213945
4.64321494225714
6.44972821132798
3.22354789013596
3.75398734680872
4.08654144723873
3.79856999408988
2.77570711711448
3.38111386971808
3.61028710769656
3.42458771241153
3.03749930041144
1.32346023740798
3.65672572118829
2.65105450717257
3.46913663610991
3.63895740563145
1.33307014069028
3.32155295005213
3.00921667548217
4.89687359444779
5.42324082076391
1.3234541926338
3.31779339320579
5.61566078035346
6.79354598129725
7.57317615007072
7.81309778512979
1.3354231539104
3.42389894710694
3.10700257482996
7.88923652833403
6.08868549031727
4.96162201301147
8.06766818851643
1.33034469217568
2.69302525053145
5.77851719734397
2.5459998036135
4.18661175654012
1.32278569692903
2.80022463384637
3.88123459739295
3.76500743691165
3.16237980008727
3.47528847723466
2.95700016909029
5.88435119618127
3.23550923349014
1.3305438737599
3.0141633996849
3.10261389798989
3.71898077435202
3.07060938577345
4.24640518556579
3.36589141238989
1.32976576884803
2.93472145185876
2.73766853362492
2.84457184827524
4.94254276663338
3.77305751347631
4.26452822713134
3.70155156657313
2.984630797938
3.54527981970394
7.38854579738124
3.88166484900487
1.33405547111055
3.30558633225635
3.58339964279733
3.0661430168862
5.02481780764238
3.2605853768917
1.33462504097593
3.49334023536214
3.65232884609259
2.8660933341397
5.62197598714189
4.0438642410447
1.32777897257036
3.23805759677001
3.38732549366015
2.85481645644689
3.48729135576596
3.14614971036027
4.49529509598647
3.99019560924023
5.00346469958568
1.33495842631896
3.21299673202448
2.83176782240352
3.07527462188339
1.32423713888412
3.42098012271337
3.45953378361883
2.94688055407748
5.1778360344839
3.51689038782843
1.32879682419849
3.30824485188143
2.94556106709741
2.89208903735691
5.16765111051433
1.3304469173928
3.01255207423872
3.02166129802796
3.12925070903563
3.73573995347642
3.86517334669481
1.32815887603856
3.40450598472084
3.63473946796741
3.17202805788347
4.01555139426704
3.5862880531268
3.33253087007457
1.32928552237659
3.22509302191425
3.12318955556655
2.92255932360662
4.64221606563072
4.08986686824889
1.33583120191138
3.23615450805428
3.1182892745863
2.8021384690982
1.33217866669603
3.34467517107416
2.91413675039453
2.77741228484357
3.87881386508814
3.62090941615501
1.33082718637696
3.15472043135363
3.40897433255224
3.08125331642823
3.79365588845377
3.10929316726487
3.77554419918507
3.6495168173335
3.75522436080722
3.93167508830524
3.96401740662172
1.33190202342364
3.41914623846363
4.02551586756282
3.34827015039109
6.9683981660063
1.3374083146145
3.4998584257081
3.34232104980955
3.34430291690211
3.97874590794637
3.23864632215375
3.48291156936262
1.33035521572248
3.20023374146327
2.98868432592002
2.90794807381425
6.46606920779541
1.33376384716336
3.22090825699832
2.9633651479357
2.85870600097317
5.08335528957007
3.7826110029978
1.32800640058699
3.30488638231332
3.35384749206043
3.05978136473834
5.56220918340905
3.19073612196308
3.14413756060386
4.21102303484557
5.3396738664454
1.33459132321472
3.19735093475834
2.99845843726405
2.9862186791995
1.33046946601566
3.23693713253748
3.33684431761507
3.05679325437622
3.40668357790975
1.32445347219146
3.36045592144875
3.25439948377577
5.71598626660351
6.00152197363302
3.04359359967786
3.10163086133731
2.76842355863405
3.41714354395598
1.33286946097508
3.33795835803864
3.28648170541082
3.46742397176924
5.49574771982849
5.62891410486961
1.32683759367905
3.24734691710018
3.52747430890715
3.21375263516034
6.53295239535694
1.32950742758361
2.79648511528311
3.22030821506265
3.02423031530338
3.7458223396205
3.78321569567478
6.50060835614637
3.72362444400614
1.32204273758453
3.91077191868818
3.95556367664585
2.92470955822967
4.31921844782132
3.39119860816202
1.32806814584192
3.4739687678504
4.06070006279705
4.78755950354666
3.67696641268315
3.47199899193534
3.32073395501657
1.32986540672355
3.16057035991924
3.06604028023116
2.97589062299003
3.96446490714699
3.75918781121667
1.32872608162856
3.47502446034557
5.80866258272935
1.33286083294543
2.89837989228465
6.0654292510918
4.42034998614363
1.32634460077312
3.45327134757754
6.69377800647736
1.32923925611607
3.50407134630561
3.25790085791449
3.44831466081621
4.24067329559823
1.35205473261995
4.15525233890795
6.05478802271392
3.14712154198086
1.32487773020758
4.00657160175629
5.09945614747298
1.32510414685035
3.768397670098
6.76456990502722
4.53395996894547
3.49559494220941
5.94391823631517
3.0841677969916
4.43812854703421
3.70141635053394
1.36037788867652
3.80537777362511
6.29128945447593
4.01913037857694
4.05373420440956
1.33240159111283
3.27067959298981
5.52549092841532
4.50668004189337
3.28281373215112
3.49411204743065
1.32614554254048
4.61649953969455
7.10453137089281
6.86759652280185
2.8872774373101
1.33465613548959
3.29855892777437
3.19977905487238
3.20038122729152
5.51857988979049
3.26835631472457
1.32846113981554
3.02789398757619
5.18570573789142
5.92213525681405
4.05540922719274
1.33159340641204
4.00610908488524
3.23244427639519
4.04257269569763
3.89255199066114
3.83995247366422
1.33342416357287
3.94709716120594
3.56056680881008
5.68658465161647
2.80752809424946
3.22126388239151
2.82932147342786
5.47696028833513
1.32956271006673
4.33623465693452
4.71161214447879
3.73016165869524
5.2451642490965
1.3259181724375
3.68023708475419
3.5242104080205
3.28393026722554
3.70414983498238
3.25303873324619
3.3636447493753
3.12166381918361
5.0287328423769
1.33089481177139
3.08541990659294
2.96705982413567
3.11863992791729
3.60860762621818
4.04588000316371
4.7174786697981
3.97621453143565
5.93547386482326
3.31382875236485
2.86320711790118
1.33222032712311
3.25228734892844
3.23858364103816
3.04353445848737
5.1354769009314
3.68394530361133
2.95119060719568
2.99638215186248
3.69758042508882
7.3621363068066
3.77919581392656
1.32698681229317
3.39109687269473
3.56169706741042
3.10900257317359
5.32689909797436
5.08764886760083
5.56409732121932
3.48960427555905
2.64601077095313
5.11507673451728
7.93170353707197
7.43024185339885
3.8239180169036
1.33105784998249
3.39361473947766
3.52689239983303
2.927569811294
4.02138943650077
4.483091455681
1.33340803957378
3.15472629557621
2.84662062804301
2.70401386830763
4.74015917454256
7.26168279395348
5.57355129159138
3.61262702198829
3.54415617601708
6.10814652738456
3.68076473032439
1.32919261207697
3.14083316971787
3.23727462536004
3.16058633800756
4.76429239237056
5.17521458492302
1.3293731605535
3.35394603415141
3.65049010408192
3.15455274167353
5.52703392426716
5.69104577384508
3.43705746242334
3.79590832344513
3.63597428483756
3.62989834568408
6.59879572346349
6.00227373584378
1.33708414095748
3.36593790792403
3.69233124191208
6.8767018984394
5.81057613322466
6.06369046043744
1.33458682744886
3.77258041663793
5.57167201116505
3.92497248397998
4.92860426490097
1.35270469800323
3.3590203929122
3.47245244747858
5.41046338126412
5.6499579644454
3.18312896377134
3.65293785876519
2.66292414461997
1.33303638359949
3.49812878550805
5.65906714927469
5.10134452865125
6.42371053208346
1.3372995176848
3.98163232858083
7.24515872841996
6.44476267988201
1.33111494620111
4.22764248724984
6.3422794798085
3.33191041296131
3.76100877425193
3.85572626103047
1.33186823672614
3.11231393018121
2.92082043268668
2.72516623346173
4.96170807283137
6.58711302468692
1.33213137490264
3.20746332792754
3.01557506953483
3.10748209970709
5.19103920231778
5.67919017114236
3.53708651293688
5.77151565881961
1.32899736643832
3.27090583783759
3.54584855852587
3.10994967804947
5.23009177739741
5.45645938315315
4.59547636268537
5.58008539361182
4.45227413801082
3.24905847900588
3.59766952345543
3.72879122504868
1.33194219093773
3.37676783329858
3.82968366839874
2.98955665609468
1.33205705583507
3.31139245635428
3.5939602112433
3.01448851382784
5.20403478082151
1.33214713902031
3.30786471912018
3.2632405672889
2.95723012293599
6.19881674192745
4.30554351969644
6.01672344386876
3.4206625089301
1.32873548910233
3.21798648225874
3.09445390981995
3.00091419404154
5.09430564454077
3.49404264427325
2.99094266076767
3.69059412561176
3.77345107295696
1.33942711634489
3.4847025698042
3.18497142844328
2.7792813819403
5.21771492130415
4.12964320492703
4.07598527965938
2.93165976879992
3.88054326093654
1.332009759724
3.14399761450291
3.299158377526
2.74521911693766
1.33279068123993
3.44560139888525
3.43648337694219
2.95650249450259
4.20170465406601
3.32475442702164
1.32588008507557
3.37964021753796
3.74645031996956
2.95522672565067
3.47210858125146
5.47988412286245
3.67327823612642
1.33014472896749
3.38096642988362
4.62564471182126
3.60790992127021
6.29260160823804
1.32879193254625
3.82240408643565
1.33382045268469
3.15541914806892
3.5675812534545
4.01642365793252
1.32750781541956
3.39022329648063
4.11446059648164
3.1836025191597
3.7628485220641
3.55012830754045
1.32632348995258
4.34314736107353
4.20562302162236
3.51101167756531
3.56028229217853
1.32588762721431
4.18206300765543
3.25257221288014
1.32503358448003
3.68783486615114
3.46047092170993
3.89640257160371
2.99926741055212
1.32042720359738
3.38802051351523
3.58967463706671
3.23007507652686
4.01860000497686
3.71437020233579
1.33395427207982
3.82345877446063
3.26972980535089
3.4022639521354
3.09007135839935
3.09994290269998
4.01859490369457
1.32983495216512
3.82446257662433
4.75334881951662
3.49637040371869
3.22929233733956
4.29640535797078
1.32889916848495
3.6150416318488
4.48610064532663
4.43765354663926
4.00793587773058
2.83774734604757
1.32883633303729
3.89678547010225
3.92724801865123
3.69866651646239
4.85793587853936
3.22649670695632
3.70663634579925
2.82469290366227
3.74332071829278
1.33423761002304
4.15239448992988
3.54729037435618
4.7437544202878
3.53522842260581
4.76984790113899
3.74431489060415
3.68737738779203
1.32254489526821
3.33807429515881
6.83030760654306
7.3056226291809
4.27237884556133
3.25767984921785
4.0955617441323
5.47196756203836
3.54648079086861
8.16001390930187
1.3330150036665
3.44090133540618
3.20023889733251
2.87995295100458
5.14392700181485
7.04312842421604
8.00462328907488
1.32920841104772
3.5836410255493
4.15625312029958
2.93514020108069
3.39559258451305
5.39733915925245
4.79281900346759
2.6735633525316
1.33135832892576
4.54486402436861
5.32945578835213
3.3193573173131
3.39463621025877
3.06446553251949
5.49858690937953
1.33750551400732
2.63803335839409
3.8393031919868
3.05592293751004
4.39891418420501
3.92116079751902
1.33267888105125
4.27670550774776
5.42802146274312
1.31846918811173
3.23635056815543
5.34311688062314
1.3354212818433
4.43882236634898
7.66341359969564
1.33053861274297
3.93476416065817
1.32274600736498
3.55589594898388
4.47272914449333
1.32298148135188
4.50786202095849
1.33018419777112
3.49221806306536
5.20787173421159
1.32868393532849
4.55648603641007
1.32714505612612
3.36596865701391
4.04199789708011
5.35978021937467
1.32704898176367
3.71377947649022
2.70749422898739
3.42876085488621
3.89304122762655
2.76722116933215
3.52606480371532
4.47663422673776
1.34083779779659
3.33497481249859
3.58412681137261
4.42954647791396
3.27478884815495
4.45293947859164
4.9787004328439
1.32773303039429
3.65395703313545
4.05833771389223
4.08992237090143
2.73954412265983
3.30166639744236
3.04482593919587
6.50342232981989
4.13578263452034
3.67151712511327
1.32409251942604
4.06830419216656
3.85084328426904
4.12054862852024
2.91842097717242
3.14114660593866
3.14415998320696
1.32824018912243
3.93529782862746
3.15144236818635
3.12738484999848
1.32703805521922
3.27928254348417
3.77533746835962
3.83567947044588
2.74852887923704
3.41722782383616
2.74487358543158
4.6726207849557
1.32197768513693
3.17304979475583
2.81486660429939
3.71676875794016
2.74309788378031
3.2507020780133
3.20583546053131
3.26022376532655
3.39557196949203
1.33514568493479
3.90796622298607
3.36215020485403
2.93395398736926
3.68122805596176
3.57138558545559
1.33199512011118
3.57866469510626
3.65758308176315
3.46893095924378
4.57973743788877
3.42156806157645
3.92686312468362
2.87543318475669
5.04881233558943
1.35186167931486
3.34538144312424
4.12614444730186
3.73309710562155
2.75914968785675
3.56575153368823
3.96666925770224
3.26204445095403
3.04068248917903
3.38148724675992
4.13460844579024
1.33084822575679
3.73495448432775
1.33037851756558
4.45272972456223
5.92785045357927
5.76213458711266
3.54500521861393
4.00661964753332
4.41383302810607
5.16417137593245
1.32848108755827
2.87195316814185
3.03263400363446
3.04264325874724
3.87327329270735
3.95790057985291
1.33488613746641
3.27570358854399
5.75663382542263
5.37652852684704
1.3315765092551
3.52796272656047
1.33375185098278
4.72948474994898
7.47602314068115
1.32986841454333
3.62455997329331
1.33640001496558
4.74223259657305
1.3324278592104
3.55527579802186
1.3342117523092
3.28803801681185
2.86497364734826
1.33094064480727
3.35477331573983
3.58601784713908
4.32851487233208
4.07334408072778
4.47551807057016
3.68909826380377
1.33110630679897
3.08692954244181
4.48397212301772
1.33604416094678
4.35085129601093
3.38418321017051
2.78378483363927
4.58368498044968
1.33044578995162
3.79083592364534
3.49088455838918
3.12032706619034
3.49566102475626
1.32976163277484
3.991916832801
3.66699795473082
2.91881979573937
2.84968226299004
1.33161142980976
4.09259941846255
3.40859795223784
3.98485796484642
1.32241218990147
3.52677884194629
6.21850552785796
3.94191032368825
3.29903031207657
2.68593931428095
3.38666650262467
1.3340813318535
3.30653625414875
3.29130171816562
3.44435683401125
3.70545786644512
1.33484156363218
3.25661695629068
3.51368182964821
2.81106243260444
2.70787444317494
3.097393420281
4.61400043346335
3.38603854083205
1.33367499789117
3.43952060613104
3.41408391812504
4.94121634822844
5.17675129787012
6.36616509368081
1.32820405058861
3.16454957300403
5.70265499570156
6.03155999721465
4.08087453862527
4.28488949682486
4.14290972626728
1.33211898867931
3.04961259834753
3.61767895203541
4.30794893191644
4.15015915357472
1.3296529622424
4.20967670967736
4.54831100519743
4.37823023606571
3.61468380359887
1.33336004139917
4.7862371441457
7.60983534644476
1.33170041676047
3.83514184874562
1.32156384635779
4.16990707330511
1.33076369051759
3.34520163816772
2.94124089458854
3.66187015061976
1.32985826312431
3.70570384677459
4.55667543281283
2.87097840465581
1.33180591679118
4.75364828316105
4.44076142119795
3.86749337426711
3.1131111448196
3.71469056584798
4.12825822835733
1.32552668777358
4.27907221252458
2.95892784636598
3.62332306039636
4.86253267341208
1.33242973548326
4.76764522589506
4.77497780099552
3.31493514265362
2.91354818048372
1.32376319634593
3.4950184548869
3.81514901412776
1.32632537486094
2.98185848088068
3.91056581583791
3.12716820781998
4.14666613076095
4.06698672237813
1.32320595524657
4.22281185941311
3.18417681669847
3.85976139158886
3.74935514455486
1.32001553021167
3.76158610163319
3.52426573912921
4.06129462117685
3.95141974485121
1.32529468421178
3.62567455792712
2.8164882389245
3.06803340920532
3.77767507866942
2.96247801679608
3.83401278036472
1.33393478101442
4.62410650828893
6.2957341112852
3.68445423366881
3.40538323834484
3.44670088635495
3.98101168046516
1.33490299273018
3.22185490051926
2.51078533530845
2.73330312991443
4.65161197865858
3.97564384722777
1.3249154690017
3.51146251581873
3.56379432627642
3.19563264471998
5.23238205791588
4.5220820425994
3.93073351933198
6.65370002329531
1.33596182580192
3.26648970609123
3.10083875749772
2.88039823635552
5.01563016977927
6.92501155233694
5.74621518914842
1.33514568493479
3.29165642192499
3.3541033078902
2.82221278432368
1.33498801492748
3.27561185124245
3.52645459349755
2.93000153583578
4.64477825089638
3.72693734854773
3.68369936341173
1.32951494914499
3.4985445545255
4.36222752730758
3.27727051065364
5.41484949005972
5.74909610286695
4.64251774363868
4.52206888492425
1.33300937731135
3.55036575580601
3.32483292813338
3.11245465830428
1.33239746322184
3.59523490192226
4.73839519246759
3.06171014304098
3.27276244173023
2.90620732226729
5.46925488526545
1.33190127261745
3.09502843282578
2.82162524088512
2.77721083103174
4.85327271024409
5.74013458030385
1.32851420767713
3.15644325150952
3.63936807701557
3.16343294539334
2.80748161169401
3.66311015395388
5.86544482541606
3.50072649602907
1.33006052493862
3.51012677833721
4.06520921970813
5.04816540933436
3.52515006772762
1.33106348458667
3.36075437959991
5.44090608262999
1.33150628988375
3.13631583231026
1.33611489026955
3.50143470594555
4.24936383474044
6.98006977042493
1.32789344452031
3.15767161053837
3.45289414839204
4.82044375550633
1.33363375782109
3.2755277437384
3.33307500665677
5.18135455262425
1.33516029000266
2.98165289730378
3.41274098050233
3.88823173177731
6.91226120744869
1.33170905230835
3.06667458332312
3.00714964709108
3.14409382811646
1.3227433613517
4.5171160047092
6.02002574745324
5.54128586160288
3.26163532602895
4.7071619899893
2.99592673475171
1.32974809644534
3.29313968728932
4.57384039948925
3.18441250468591
3.54929528216518
1.32492905470444
4.00845868133875
6.57099855425338
5.44784507856088
2.80059850746229
1.33258958423064
3.32616986938431
3.34462210122459
2.78219787218666
5.85267981355549
1.32589630062083
3.35614362028802
3.50059052161203
3.00574932421185
5.23836482120136
5.75383176674466
1.32988758923452
3.32327383764865
3.46774292588133
3.07156718956301
3.10364124859817
1.33604303822893
3.37014450728748
3.4374867272471
3.14755301782194
5.28182809262096
7.07471914636899
1.33263235740395
3.36044089369237
3.31076501733361
3.08557369058008
5.30480857336059
5.27560205095115
1.33433916228221
3.30046178587179
3.59491001278196
3.3214558554947
2.94923481601584
4.02105073332829
1.32733831407068
3.23067438780203
3.1115407758858
4.74095528348455
3.42870558666095
5.31977330344067
1.33168277003196
3.19770104919144
1.33048675303439
3.62852876521601
3.5275205173039
5.00240752038456
4.09702379783178
3.06662827874524
3.00452608575795
5.17156978102394
1.33087414882099
3.49685186989669
5.89951955670968
1.3278456235572
3.33823306556028
6.19887255878034
1.33816964544858
4.49288927083675
1.34795994005757
4.23079413349314
1.32957361586337
3.7454880856839
1.32663107154928
1.32439382360384
4.2757371294316
1.32810579397878
1.32620360427802
1.32786369782444
4.15321056533376
1.32684399987338
3.49859371748135
5.83517797500642
3.70403374714648
6.86094497864543
5.82383979862083
4.12208915478547
6.96456043121172
1.33149652646937
4.11948091390165
1.32975486462731
3.34462703451371
1.33072085727999
3.55770009978357
3.82442518556711
3.04507224873237
1.33724006820017
3.37807948396719
3.53566372835427
2.58290263076253
1.33313202647
3.25192158577048
3.47280678990352
2.89075232422288
3.6700455038051
3.64018433599179
3.54761060433639
1.33094102048137
3.46287467286935
3.70602401503282
3.45151213238488
1.32987555808805
3.33559724787031
2.95714609040541
3.10930104685924
1.32637023488919
3.0902766866415
3.200778655265
3.10583418746075
3.81061989707711
1.33011089763222
3.46879013490295
3.85229671754397
3.10030546882078
3.10188233174632
3.95655847928474
4.02880466143495
4.15336441935932
1.32980073695272
3.45140580053983
3.80995669266725
5.55197235223663
6.9452130996824
1.32873925207318
3.25285628333009
3.08058841781891
2.98575501339276
5.25289996097394
1.34574886215817
4.13324339955924
3.86074772550603
5.07426526701157
3.89047169376671
4.1299096842425
4.7379895525423
5.55991870444164
1.32886756300242
3.28232676618279
1.33084972855691
3.51347022187467
1.32831246324048
4.42972978859885
1.34008246014938
3.4244300255663
3.72281519820686
3.96950853381121
1.32940889119939
4.47542187955504
3.48744849424332
5.89669814387679
1.33287396253359
3.04824638111817
2.92502598279058
3.6269466497317
8.24599405772282
3.69472989540508
7.67785712292173
4.03119163523641
6.25033231116554
6.63879552328584
4.11908315041102
1.33410944078812
2.92893103367082
3.04782299354802
3.14963267699585
5.6871061182292
3.63593069240875
1.33248151957166
3.42525458907801
2.74221042226887
4.94979736958999
5.63187934884973
3.68689584881374
4.34151793731179
3.42061778046014
2.59975864264359
1.33148263225623
3.5099790597666
3.787005413252
3.7089898894443
3.43743450846704
3.80730600293699
4.06574039997637
1.32581672941625
4.53003200871694
5.54692860960009
4.15608638023803
1.33179728187138
3.67709137770603
4.66121228866483
3.7100919126081
3.43914945880519
5.80322677482106
5.56953741346622
4.96849051523699
1.32793599243337
3.56338953806625
5.87008296363859
6.59729308125689
3.48501822089928
1.32988946909132
4.78020982803056
5.54898305998496
3.73857486216339
1.33176762237261
3.56286205177804
4.8648687546531
4.38558342754986
1.32703202674239
4.38681991880223
7.51483765626378
4.16185775826133
1.33755523250444
3.82730675540908
6.04759464580754
3.71081257947636
2.85547386610349
7.45964000471873
3.8824422725908
1.32691220508367
3.03321116970118
2.86942851453038
2.93285014959851
4.90627384070641
6.76787891440147
6.37501043136402
1.33302288052381
3.3199018057768
3.16645637898266
2.61823623838644
4.97094327064794
6.90137167525413
7.71512099710692
1.3342840776986
3.473948473999
3.19986593469164
2.87109769948708
4.94476298724216
7.57070208104902
1.33554108884751
3.1372862476988
3.40694892829347
2.90995824712314
5.41127193920247
3.88001095359279
1.33930952359789
3.55604415045708
3.71730090253668
5.61073373098386
4.51660536243759
1.33051042836951
4.45386405270749
3.99404681995592
3.32681995304826
2.96759902951865
3.48640631596491
4.92632479643801
4.81587479073117
1.32908577601297
3.47177605844617
5.88130172665882
6.52447001679064
1.33500936326304
3.63862858780613
7.02646347745436
1.34537132420756
4.2396552925916
3.71138168341657
1.33432717127397
3.38247143373008
1.32843780434012
3.5492910559716
1.33278467878348
1.32555875011257
4.61267839763407
3.37719498992877
4.4928222755858
9.08565099483796
4.57703768828704
3.06209111556139
4.1968372615578
3.65014136712539
1.32609615036015
3.68684011044688
4.94721760184449
4.7812071697428
3.54909157391015
4.37236938055329
3.4568644752145
2.8561255224517
4.22514319283974
1.3227161449079
3.45403503166948
2.65013697759191
5.26829384146329
9.51578084026739
6.20808867526874
5.00662930523122
3.70670176841893
3.476952832582
3.39877433790477
5.14552339417478
1.33368362065372
3.55287404786604
5.90453910140326
6.47153374402081
4.22523218296936
6.54086607415257
3.10852087012457
4.14502665853912
3.57917015521755
5.95043502611364
3.85336593123467
4.73954280495493
1.33416153444776
3.51614831882843
6.02068924625744
6.10057636621328
6.27891375956064
4.57917645434198
2.783597851702
3.47854581686083
1.3303424371191
2.95531318137351
4.724259201187
3.40819321635379
4.82093403812996
3.46494011492262
3.49730224601764
1.32927273349001
3.32403143787781
2.73655750898825
4.02264229083323
2.99460381352859
5.92873241089527
3.0677571611847
3.97168352213517
1.33449840764236
3.13210376584174
3.29709250704314
2.96192369921982
5.13741121577785
3.1929669588018
3.98692237195559
1.32765243945846
4.01477085273867
3.98934643770129
3.36164870264577
3.30053722899773
1.32818259286892
2.71052577925391
3.76205449189668
3.96792351236765
3.35610130955548
3.06274876540666
3.37345371985448
4.25780636008732
2.8209796170834
4.80357929048746
2.63081907397677
1.32732701321114
3.02094836102837
4.7588188660633
2.76271496901146
2.51574621136553
4.04673930467481
4.52274352578167
4.44607793453961
7.37759107026135
3.43817655160406
1.32988194964817
3.40890686291075
3.03718899642416
4.58856502623642
3.46464861133131
4.24242407121211
4.58845801985809
5.48433304969711
4.78550363075821
3.17756101436306
4.06155672125849
1.32831208682297
3.08638850438502
5.41971899640563
3.42437643958721
3.70655379024775
3.63348620473506
3.38582648698955
5.7776133480876
5.21908325283282
6.07977507807649
5.86673495225411
1.33455947788025
3.17985549986159
3.1390039821574
6.11977826395696
6.07524197048973
5.90691975567639
4.7977719829104
1.33042737494386
3.45797556382343
6.41033704262108
7.14060018485842
1.33684329672554
3.6719566990911
7.16368257253209
7.02361637619823
4.27724186830719
6.51231164794806
1.330707330708
3.62413713868556
5.61883519957651
3.46549476987053
3.645306434307
1.33050892518615
4.37980844329977
3.4530702280724
4.67640171499413
3.9902404689442
6.02308127124315
3.92096085162808
3.00435017932331
4.2470512123119
1.3232883283699
3.47158868531397
3.70252049285348
3.33489400131399
1.32567718544146
3.15255214072662
3.19381730848839
3.4636480768115
3.28531185734323
4.62989092744095
5.50767410074344
1.328837461844
3.66151962988047
4.19060687729117
3.13430390996151
2.72951625750791
5.29767165837975
3.93737399798393
3.81379784466875
1.32720081374297
4.24343422241938
4.8165890420504
3.27834668697501
3.58856865616362
4.95965059253169
1.32849576589465
3.76897360033206
7.01612792072665
9.28440461203625
8.4925951863962
5.49766032053637
4.6095853392686
3.00819281296927
4.40474414693975
3.82215502040406
1.32492301663153
3.76465257361154
6.38530469124223
3.25365763410964
3.57558904238169
4.81108033605759
2.79411059194156
4.73654357100196
4.09111977336279
1.32411819714103
3.32199969897651
3.20692672195671
3.67126926280272
5.59115086543012
5.37401721247709
3.57758102633609
1.32938895737854
3.16581253393185
3.9305901592509
6.73623997494151
7.49259908176062
7.14578309214602
1.33151267361599
3.37758996919401
6.34563353811107
7.53888910914599
7.40794094198921
1.34342844989973
3.06730647311285
3.0672373563192
5.41872503454456
4.25328026351427
1.33098347097175
3.43554784568633
6.25013447855324
6.629200404272
3.22203569191901
4.13035700636156
1.32913129524513
3.40555678267152
3.65816251689287
1.32766712695615
4.49462122987021
6.53975274761974
1.33322541229906
3.48451847462458
1.32661411118682
4.55390360020938
1.32010075373056
1.32172463092734
3.91657528971422
1.32462296522444
3.74421620636416
3.885914821506
1.32957323980291
3.07786565658737
4.75478516864853
3.11389547030725
3.66900149904576
1.33063819274813
3.85665800920953
3.42526217974625
3.74105038725757
2.60966549580593
5.24767767683954
4.36999462242232
3.74958251009362
1.32947245176423
3.17604313572722
3.59246377852303
4.44980595082527
4.00055133700344
2.91004484501528
1.33130011642755
2.88576592952374
2.85169861661432
2.98055263332154
3.64381160325283
3.9316585558769
3.22834400273577
3.23999058640608
6.9919676057602
3.53733020793931
7.07503279144344
3.63484882766808
1.33251866778668
3.31106538745462
3.96605244544245
4.06894949587728
4.08488690173914
3.90208931215061
1.33046270146893
3.59719015343921
3.62081579205571
3.15094557236395
3.97607670952158
3.07139675066573
1.32996879662645
3.08369972597852
3.19197117781474
3.0957341617135
1.33645875357229
3.45591275931555
3.55723417840322
2.53426024709381
2.84400158227804
2.76342197284454
3.15409020162709
3.51800113700948
1.32871742669388
3.34687615546198
3.46048782688222
3.07606843226869
3.93165117984798
2.70783178945813
4.7361929859329
3.06636690563931
3.98234428446361
2.67197193099029
3.42201154293787
2.94957810542457
1.33393852931835
3.25406038665542
3.22052573347893
2.96983400209507
4.98227558450955
6.97608206660443
3.06089496716238
3.802002893213
1.32816113480255
3.28207038315756
3.30972778336829
2.92718328773584
4.97636503886119
1.33487265310216
3.39504742234921
3.60959776152413
3.21221590183474
4.90063363250101
4.3423137841478
3.99505056288403
3.50077748507385
4.16260183058625
4.38523043864288
3.88391168797644
1.32972102337295
3.28991519647544
3.54299661303818
2.81891929646806
2.97739080404303
6.15946466829708
4.30393877744561
4.26282371204815
3.71544950174269
3.8233884186674
4.40000556817829
3.37900236756354
1.32742231411108
3.37716996907174
3.19762552529216
5.76394812606776
4.84816109468322
5.77084655834826
1.32803652058217
3.22366809705962
3.31826972984415
3.24702725581415
3.10318626575976
4.93546451714527
3.80683713862308
3.78184320140325
1.3336637507258
1.33082868920083
3.24692608477618
6.17712279301618
7.08495116426359
6.55148364876231
6.23830834441518
1.3288984159822
3.79999486841759
5.78088885899046
3.7552472621653
4.64638816716813
1.33245712876625
4.49297629639863
4.00805950554629
4.40000329545331
4.55132134659815
5.97477807119227
3.16848181310861
5.5909577891449
1.3282793380912
3.57249128760309
3.32099036433411
5.4846070962285
4.44866463109999
3.51199117310963
3.44781974586839
3.76612811784198
5.8578540439311
5.24074861064714
1.32900489088641
3.30327882565187
3.26980488714541
2.74781021906536
4.80108789754989
5.36447798019528
5.19275697486412
1.33186973837534
4.31560551950708
3.68436303857261
3.21131297135611
1.33517115007777
4.79021638342153
3.04574687063781
3.78674966164916
1.33110893618817
3.27886718242749
2.88017811949192
1.32769763123988
3.72642026615357
3.16849648887292
3.72937005404398
1.33026388359603
4.18890033302298
1.33625334424277
3.36781279170918
3.69977796631095
3.05448031586389
4.89192068619269
3.41955640397991
3.41427327553024
2.86318476525704
1.33498389503394
3.43332637539748
3.57093489159352
3.85342471056591
3.0110471600425
1.33008683927028
3.60959138961739
4.1371627959267
3.39327953460955
2.75750231187573
3.62731567415906
1.33437550936758
3.3007165888637
3.19017131201445
3.72493932836496
4.39344113423635
3.72830913417866
1.31916109706131
4.65415287673278
3.65906668427893
3.43892439579587
2.82179623644231
1.3266612227694
4.16006898981255
3.30184978459045
4.11364364037528
1.324527840402
3.28162185511981
6.6811977968026
4.22066546885678
2.53728890747585
4.76447636157427
3.26839685472863
3.60062897283238
1.35047288014236
3.22530076116941
3.70002027021474
6.43766650270111
6.40507658033844
3.8669764674743
1.32806701638133
3.50000757142038
2.7530918982119
6.138892734036
6.00271713476489
1.33369449275312
1.32644675731821
3.61057571586582
4.26630624779797
3.85424181908712
3.82690606103677
5.20634900866241
4.89702460684036
