1|4|16
2|5|16
3|6|13
4|7|18
5|8|17
6|9|7
7|10|16
8|11|12
9|12|1
10|13|12
11|14|16
12|15|13
13|16|4
14|17|17
15|18|16
16|19|1
17|20|13
18|21|16
19|22|17
20|23|4
21|24|14
22|25|16
23|26|18
24|27|2
25|28|12
26|29|11
27|30|17
28|31|12
29|32|4
30|33|12
31|34|15
32|35|1
33|36|13
34|37|9
35|38|13
36|39|15
37|40|10
38|41|9
39|42|11
40|43|1
41|44|11
42|45|1
43|46|1
44|47|11
45|48|2
46|49|11
47|50|2
48|51|16
49|52|1
50|53|14
51|54|11
52|55|3
53|56|13
54|57|1
55|58|12
56|59|9
57|60|11
58|61|18
59|62|13
60|63|11
61|64|17
62|65|16
63|66|16
64|67|9
65|68|1
66|69|9
67|70|2
68|71|1
69|72|1
70|73|2
71|74|2
72|75|1
73|76|1
74|77|3
75|78|1
76|79|17
77|80|10
78|81|2
79|82|13
80|83|16
81|84|1
82|85|15
83|86|10
84|87|16
85|88|16
86|89|1
87|90|12
88|91|1
89|92|1
90|93|12
91|94|12
92|95|13
93|96|3
94|97|12
95|98|2
96|99|9
97|100|1
98|101|12
99|102|1
100|103|2
101|104|12
102|105|14
103|106|6
104|107|1
105|108|18
106|109|18
107|110|3
108|111|3
109|112|11
110|113|2
111|114|2
112|115|3
113|116|3
114|117|3
115|118|3
116|119|3
117|120|3
118|121|15
119|122|6
120|123|13
121|124|16
122|125|14
123|126|18
124|127|15
125|128|3
126|129|18
127|130|21
128|131|19
129|132|4
130|133|2
131|134|4
132|135|18
133|136|10
134|137|3
135|138|16
136|139|17
137|140|2
138|141|6
139|142|22
140|143|17
141|144|4
142|145|12
143|146|17
144|147|11
145|148|2
146|149|18
147|150|20
148|151|17
149|152|21
150|153|20
151|154|20
152|155|1
153|156|16
154|157|16
155|158|18
156|159|12
157|160|12
158|161|3
159|162|3
160|163|20
161|164|18
162|165|10
163|166|20
164|167|3
165|168|2
166|169|11
167|170|2
168|171|6
169|172|18
170|173|1
171|174|17
172|175|20
173|176|16
174|177|4
175|178|3
176|179|22
177|180|7
178|181|13
179|182|13
180|183|6
181|184|13
182|185|1
183|186|3
184|187|13
185|188|13
186|189|13
187|190|13
188|191|2
189|192|20
190|193|4
191|194|8
192|195|6
193|196|2
194|197|3
195|198|10
196|199|6
197|200|6
198|201|2
199|202|3
200|203|6
201|204|14
202|205|3
203|206|18
204|207|5
205|208|6
206|209|20
207|210|16
208|211|3
209|212|2
210|213|12
211|214|3
212|215|6
213|216|3
214|217|3
215|218|3
216|219|3
217|220|3
218|221|3
219|222|8
220|223|6
221|224|20
222|225|18
223|226|19
224|227|18
225|228|18
226|229|20
227|230|16
228|231|6
229|232|6
230|233|3
231|234|3
232|235|3
233|236|11
234|237|6
235|238|7
236|239|4
237|240|10
238|241|12
239|242|18
240|243|9
241|244|16
242|245|11
243|246|14
244|247|12
245|248|3
246|249|1
247|250|3
248|251|3
249|252|3
250|253|2
251|254|2
252|255|2
253|256|1
254|257|2
255|258|13
256|259|18
257|260|19
258|261|1
259|262|20
260|263|20
261|264|1
262|265|12
263|266|13
264|267|18
265|268|7
266|269|16
267|270|12
268|271|13
269|272|16
270|273|12
271|274|7
272|275|22
273|276|15
274|277|15
275|278|9
276|279|2
277|280|14
278|281|16
279|282|9
280|283|2
281|284|17
282|285|14
283|286|15
284|287|13
285|288|1
286|289|11
287|290|1
288|291|4
289|292|2
290|293|2
291|294|1
292|295|2
293|296|1
294|297|2
295|298|1
296|299|1
297|300|4
298|301|16
299|302|2
300|303|1
301|304|10
302|305|1
303|306|12
304|307|1
305|308|18
306|309|1
307|310|1
308|311|1
309|312|1
310|313|1
311|314|2
312|315|14
313|316|1
314|317|7
315|318|1
316|319|6
317|320|18
318|321|20
319|322|16
320|323|17
321|324|18
322|325|22
323|326|20
324|327|19
325|328|20
326|329|1
327|330|3
