1|4|16
2|5|16
3|6|10
4|7|18
5|8|14
6|9|7
7|10|16
8|11|12
9|12|1
10|13|12
11|14|9
12|15|11
13|16|4
14|17|14
15|18|16
16|19|1
17|20|12
18|21|13
19|22|12
20|23|1
21|24|14
22|25|16
23|26|18
24|27|1
25|28|12
26|29|11
27|30|14
28|31|10
29|32|4
30|33|10
31|34|12
32|35|1
33|36|10
34|37|9
35|38|13
36|39|15
37|40|10
38|41|6
39|42|11
40|43|1
41|44|11
42|45|9
43|46|1
44|47|10
45|48|1
46|49|9
47|50|1
48|51|22
49|52|1
50|53|14
51|54|11
52|55|3
53|56|13
54|57|9
55|58|13
56|59|9
57|60|11
58|61|18
59|62|13
60|63|9
61|64|14
62|65|6
63|66|16
64|67|14
65|68|1
66|69|9
67|70|1
68|71|1
69|72|1
70|73|1
71|74|1
72|75|1
73|76|1
74|77|1
75|78|1
76|79|17
77|80|6
78|81|1
79|82|11
80|83|16
81|84|16
82|85|15
83|86|3
84|87|16
85|88|16
86|89|1
87|90|1
88|91|1
89|92|1
90|93|12
91|94|11
92|95|13
93|96|1
94|97|10
95|98|1
96|99|9
97|100|1
98|101|9
99|102|1
100|103|1
101|104|10
102|105|14
103|106|2
104|107|1
105|108|18
106|109|18
107|110|1
108|111|1
109|112|9
110|113|1
111|114|1
112|115|1
113|116|2
114|117|2
115|118|2
116|119|2
117|120|2
118|121|15
119|122|6
120|123|3
121|124|16
122|125|14
123|126|14
124|127|15
125|128|2
126|129|18
127|130|21
128|131|19
129|132|16
130|133|2
131|134|3
132|135|18
133|136|10
134|137|2
135|138|16
136|139|17
137|140|2
138|141|2
139|142|22
140|143|17
141|144|10
142|145|12
143|146|17
144|147|6
145|148|2
146|149|18
147|150|10
148|151|6
149|152|21
150|153|20
151|154|20
152|155|17
153|156|16
154|157|16
155|158|18
156|159|11
157|160|12
158|161|2
159|162|2
160|163|20
161|164|18
162|165|2
163|166|20
164|167|2
165|168|18
166|169|6
167|170|12
168|171|6
169|172|1
170|173|1
171|174|17
172|175|20
173|176|13
174|177|5
175|178|2
176|179|22
177|180|1
178|181|13
179|182|13
180|183|6
181|184|13
182|185|1
183|186|2
184|187|13
185|188|6
186|189|2
187|190|12
188|191|2
189|192|1
190|193|13
191|194|6
192|195|2
193|196|2
194|197|2
195|198|10
196|199|6
197|200|6
198|201|1
199|202|1
200|203|10
201|204|14
202|205|2
203|206|18
204|207|5
205|208|2
206|209|20
207|210|16
208|211|2
209|212|2
210|213|12
211|214|2
212|215|2
213|216|3
214|217|1
215|218|2
216|219|2
217|220|2
218|221|1
219|222|17
220|223|20
221|224|20
222|225|18
223|226|19
224|227|18
225|228|18
226|229|20
227|230|16
228|231|6
229|232|6
230|233|1
231|234|1
232|235|2
233|236|7
234|237|6
235|238|7
236|239|6
237|240|10
238|241|11
239|242|18
240|243|1
241|244|16
242|245|11
243|246|8
244|247|10
245|248|2
246|249|2
247|250|2
248|251|2
249|252|2
250|253|2
251|254|2
252|255|2
253|256|1
254|257|2
255|258|13
256|259|18
257|260|19
258|261|1
259|262|20
260|263|20
261|264|1
262|265|11
263|266|13
264|267|18
265|268|7
266|269|10
267|270|10
268|271|3
269|272|10
270|273|3
271|274|7
272|275|22
273|276|15
274|277|15
275|278|9
276|279|2
277|280|14
278|281|16
279|282|6
280|283|2
281|284|17
282|285|9
283|286|15
284|287|13
285|288|1
286|289|11
287|290|1
288|291|1
289|292|1
290|293|1
291|294|1
292|295|1
293|296|1
294|297|1
295|298|1
296|299|1
297|300|12
298|301|16
299|302|1
300|303|12
301|304|10
302|305|1
303|306|12
304|307|1
305|308|18
306|309|1
307|310|1
308|311|1
309|312|1
310|313|1
311|314|2
312|315|14
313|316|1
314|317|7
315|318|1
316|319|2
317|320|18
318|321|20
319|322|16
320|323|17
321|324|18
322|325|22
323|326|20
324|327|19
325|328|20
326|329|20
327|330|3
