4,5,8,7,6,9,11,10,328,12,330
5,6,4,9,8,7,330,10,328,12,11
6,5,7,10,9,4,8,11,12,13,155
7,8,6,11,10,4,9,5,12,155,305
8,7,9,4,12,312,328,10,11,5,6
9,10,8,5,6,7,13,11,12,330,4
10,9,11,6,7,8,14,12,13,155,5
11,10,12,7,14,15,8,13,9,155,305
12,11,13,8,16,15,14,10,9,313,305
13,12,14,17,11,9,15,10,16,18,8
14,15,13,18,10,11,12,155,154,16,17
15,14,16,17,19,11,12,13,18,151,147
16,17,15,20,117,12,115,14,297,301,18
17,16,18,20,13,15,21,19,14,12,117
18,19,17,14,22,21,20,147,15,150,16
19,20,18,23,22,15,21,17,147,144,117
20,19,21,16,17,117,23,18,24,95,22
21,22,20,18,17,23,19,25,24,26,93
22,21,23,18,26,19,143,20,24,146,147
23,24,22,19,21,27,20,25,29,28,117
24,23,25,93,28,20,21,22,29,26,27
25,26,24,21,27,23,22,28,29,20,18
26,25,27,22,142,139,143,24,28,23,146
27,26,28,29,23,25,140,136,24,121,139
28,29,27,24,91,26,23,25,30,90,89
29,30,28,27,91,24,23,93,92,121,119
30,29,31,93,91,92,32,28,86,24,94
31,32,30,95,93,29,33,94,24,92,91
32,31,33,94,93,76,30,34,92,80,95
33,34,32,35,76,94,31,93,73,80,95
34,33,35,32,73,94,95,36,96,76,97
35,36,34,76,33,37,73,70,97,96,94
36,37,35,70,69,97,68,34,38,99,98
37,38,36,68,57,70,35,69,59,67,39
38,37,39,68,67,45,40,70,66,36,44
39,40,38,42,67,41,66,65,37,64,68
40,39,41,66,42,68,38,67,56,43,45
41,40,42,39,43,276,277,275,44,66,68
42,43,41,39,277,44,278,40,276,45,38
43,44,42,75,45,276,278,279,41,277,39
44,45,43,42,277,79,76,278,75,46,38
45,44,46,47,75,70,43,69,71,38,54
46,47,45,72,218,71,48,44,74,75,70
47,46,48,45,50,49,273,52,71,217,75
48,49,47,46,50,215,52,100,71,218,214
49,48,50,52,51,213,47,215,214,270,218
50,51,49,47,48,52,273,270,215,213,53
51,50,52,49,53,102,47,48,71,273,54
52,53,51,49,48,50,47,71,54,102,68
53,54,52,102,56,51,101,71,55,68,100
54,55,53,56,68,71,69,52,45,101,102
55,54,56,69,68,57,101,99,67,53,71
56,57,55,54,67,53,68,40,58,66,69
57,56,58,67,37,55,59,69,68,66,65
58,59,57,65,62,63,60,67,56,66,64
59,60,58,62,61,67,63,57,37,65,64
60,59,61,62,58,63,64,57,67,65,37
61,60,62,59,63,64,58,67,65,57,39
62,61,63,65,64,60,59,58,67,66,39
63,64,62,61,65,58,59,60,66,67,57
64,65,63,62,66,58,39,59,61,67,60
65,64,66,58,62,63,67,39,59,57,40
66,67,65,40,39,38,64,68,57,58,56
67,68,66,57,56,39,38,65,59,58,40
68,67,69,38,37,55,54,40,56,70,45
69,68,70,55,36,45,54,71,57,99,37
70,69,71,36,45,72,98,37,99,68,38
71,70,72,100,46,54,45,98,52,48,99
72,73,71,46,70,74,96,118,100,45,116
73,72,74,76,75,118,77,94,35,34,96
74,75,73,72,76,77,255,118,46,120,218
75,76,74,43,45,73,278,77,79,217,78
76,75,77,80,73,44,35,78,32,79,74
77,78,76,119,118,73,81,75,120,79,80
78,77,79,288,256,290,82,282,75,81,80
79,80,78,83,277,75,81,44,82,77,76
80,79,81,76,84,78,82,77,83,92,86
81,82,80,85,86,77,78,79,83,120,84
82,83,81,78,85,79,84,288,80,286,287
83,82,84,79,85,81,80,286,78,277,288
84,83,85,80,86,82,81,79,87,78,92
85,86,84,81,82,83,87,80,90,288,122
86,85,87,81,84,122,90,80,91,88,92
87,88,86,122,90,89,85,91,123,121,81
88,87,89,90,123,122,124,121,86,127,125
89,88,90,122,121,87,91,27,28,123,127
90,89,91,122,88,87,121,86,81,28,92
91,92,90,120,30,29,28,121,81,89,86
92,93,91,120,30,119,81,29,77,80,32
93,92,94,24,30,32,118,31,117,119,29
94,93,95,118,32,117,116,96,73,34,33
95,96,94,31,297,20,116,97,117,34,93
96,95,97,116,98,115,94,72,118,71,73
97,98,96,113,36,95,114,297,115,99,70
98,97,99,114,70,96,71,113,112,100,72
99,100,98,101,112,70,71,69,55,113,97
100,99,101,112,71,102,114,116,48,103,72
101,102,100,99,103,55,112,53,54,71,111
102,101,103,104,53,100,52,51,54,112,105
103,104,102,101,105,100,111,110,106,114,112
104,105,103,102,106,101,110,52,100,111,107
105,104,106,110,103,107,111,102,109,318,108
106,107,105,317,110,318,112,111,319,104,103
107,106,108,109,110,309,318,310,105,111,311
108,109,107,310,308,302,309,110,243,106,311
109,110,108,107,299,310,247,111,302,243,246
110,109,111,107,318,105,106,299,103,108,310
111,110,112,314,113,109,103,106,318,100,114
112,113,111,100,99,317,114,98,106,101,110
113,112,114,314,111,97,98,315,115,99,100
114,115,113,98,100,112,97,116,96,111,314
115,114,116,298,297,96,16,296,113,314,295
116,117,115,96,295,294,118,94,297,95,100
117,118,116,295,20,16,297,300,94,19,93
118,117,119,77,94,73,93,116,293,96,72
119,120,118,77,293,92,291,252,292,136,117
120,119,121,290,255,92,91,77,292,291,81
121,120,122,291,127,290,89,90,123,91,29
122,123,121,89,87,90,88,288,289,86,81
123,122,124,289,127,290,88,291,121,128,254
124,125,123,127,126,88,122,121,128,89,289
125,126,124,127,123,128,88,129,132,289,122
126,125,127,129,124,128,132,131,123,130,226
127,128,126,132,129,124,121,123,125,254,122
128,129,127,220,257,255,289,126,256,123,232
129,128,130,127,131,226,132,126,254,133,232
130,131,129,133,134,132,226,227,225,167,232
131,130,132,129,135,226,133,134,136,127,126
132,131,133,127,136,130,129,134,135,254,123
133,134,132,130,137,232,135,131,136,197,129
134,135,133,130,138,136,137,132,167,131,139
135,134,136,139,138,131,133,137,132,130,140
136,135,137,132,138,139,140,133,134,119,252
137,138,136,133,141,135,197,139,134,167,140
138,137,139,142,135,134,136,141,140,167,165
139,138,140,143,135,136,142,141,26,137,27
140,141,139,144,143,136,138,142,252,137,27
141,142,140,145,162,138,143,137,139,144,164
142,141,143,138,26,139,140,146,144,145,22
143,142,144,139,140,141,22,146,147,26,145
144,145,143,140,148,147,146,141,142,19,161
145,146,144,149,141,162,161,147,148,143,142
146,145,147,150,149,148,144,143,142,22,18
147,148,146,144,151,149,18,145,19,150,143
148,149,147,161,144,159,160,146,152,145,150
149,148,150,146,145,147,152,151,153,144,154
150,151,149,146,154,152,147,148,18,153,14
151,150,152,153,155,147,154,149,15,304,156
152,153,151,157,150,148,149,159,154,156,158
153,152,154,151,149,155,150,156,157,148,14
154,153,155,150,151,14,156,152,149,157,11
155,154,156,157,151,14,153,11,10,305,15
156,157,155,158,154,151,152,153,150,159,11
157,156,158,155,152,304,305,159,151,306,153
158,157,159,306,156,160,152,148,304,155,151
159,160,158,148,152,157,161,306,145,149,156
160,159,161,303,148,241,306,162,158,304,239
161,160,162,148,145,144,141,163,159,238,303
162,163,161,141,145,164,194,195,160,193,165
163,164,162,141,161,145,165,160,195,142,166
164,163,165,166,162,141,195,193,145,194,161
165,164,166,195,141,236,197,167,137,196,163
166,165,167,195,197,164,196,193,168,198,194
167,168,166,134,137,197,130,165,138,169,172
168,169,167,199,197,176,198,172,170,193,166
169,168,170,230,172,171,173,229,199,227,200
170,169,171,199,200,174,173,172,168,185,205
171,172,170,206,169,175,173,205,174,229,199
172,171,173,176,169,170,174,168,175,227,229
173,172,174,177,176,169,175,170,171,189,185
174,175,173,170,178,176,172,185,171,207,206
175,174,176,171,173,177,172,178,170,185,206
176,177,175,173,172,168,174,178,189,193,171
177,176,178,192,173,185,179,175,180,174,188
178,179,177,174,180,175,176,173,185,181,207
179,178,180,177,181,174,176,185,175,182,173
180,181,179,184,177,178,185,188,182,174,183
181,180,182,185,184,183,179,186,177,178,187
182,181,183,185,186,184,211,180,187,173,210
183,184,182,187,181,185,186,212,188,211,246
184,183,185,181,188,182,186,180,187,189,177
185,184,186,181,189,182,177,188,183,187,211
186,187,185,211,190,189,182,188,184,198,183
187,186,188,191,245,183,190,185,189,184,246
188,189,187,192,184,190,186,185,191,177,180
189,188,190,193,185,186,196,192,191,187,173
190,191,189,194,186,188,187,192,239,246,193
191,190,192,187,188,193,189,239,194,186,244
192,193,191,177,188,190,189,194,187,173,185
193,192,194,189,195,191,166,196,168,190,162
194,195,193,190,162,238,239,192,189,237,196
195,196,194,166,193,165,237,162,141,164,197
196,197,195,237,166,189,235,193,198,236,165
197,198,196,166,235,168,137,199,133,234,252
198,197,199,234,235,201,168,211,186,173,196
199,200,198,170,168,233,197,231,169,201,130
200,201,199,233,170,202,198,230,169,205,203
201,202,200,233,214,198,212,221,234,199,203
202,201,203,212,210,200,221,214,204,211,213
203,204,202,210,205,221,201,211,209,200,212
204,203,205,210,208,209,202,206,207,221,171
205,204,206,207,209,203,171,170,174,208,211
206,207,205,171,174,208,204,209,175,203,170
207,208,206,205,209,174,185,171,204,210,178
208,207,209,204,205,206,210,174,203,211,171
209,210,208,205,207,204,211,203,206,174,185
210,211,209,204,203,202,212,205,208,213,207
211,210,212,186,198,185,182,170,205,201,209
212,211,213,214,202,210,201,183,248,203,182
213,214,212,49,210,211,215,202,201,48,50
214,215,213,219,235,201,233,212,251,216,202
215,214,216,48,221,217,218,219,264,213,46
216,217,215,264,268,265,218,273,214,219,256
217,218,216,273,278,279,75,215,261,219,265
218,217,219,46,256,255,215,216,220,75,48
219,220,218,214,264,255,221,256,233,253,216
220,221,219,232,128,223,222,254,233,260,264
221,220,222,264,215,219,231,203,268,267,202
222,223,221,264,220,260,231,224,230,263,232
223,222,224,231,220,225,232,230,128,260,229
224,225,223,229,222,230,231,226,232,228,227
225,226,224,227,228,229,223,130,231,232,169
226,225,227,130,129,131,228,224,232,132,229
227,228,226,225,229,130,169,172,199,168,167
228,227,229,225,226,230,224,169,130,171,231
229,230,228,225,169,227,224,231,171,223,172
230,229,231,169,222,223,221,224,200,228,232
231,232,230,223,221,222,199,233,229,220,225
232,231,233,220,254,133,253,223,128,130,225
233,234,232,201,200,199,220,252,214,231,253
234,233,235,252,198,251,197,201,214,199,250
235,236,234,214,198,250,197,196,248,251,237
236,237,235,250,249,248,165,140,196,247,197
237,236,238,196,195,247,186,235,248,198,246
238,239,237,247,246,249,194,240,245,141,161
239,238,240,244,241,245,190,194,191,246,187
240,239,241,245,244,247,242,303,243,238,302
241,242,240,239,244,243,160,245,303,238,306
242,243,241,244,240,306,308,307,245,160,303
243,242,244,245,241,240,302,108,308,307,109
244,243,245,240,242,239,241,187,246,191,247
245,246,244,240,187,243,239,247,238,241,190
246,247,245,238,190,239,186,187,237,248,109
247,246,248,238,299,240,249,237,109,302,245
248,249,247,299,235,236,250,237,246,251,109
249,248,250,236,296,247,238,299,295,300,294
250,251,249,236,294,235,295,248,252,234,296
251,250,252,294,293,234,235,214,248,249,253
252,253,251,234,233,119,292,140,197,136,293
253,252,254,255,292,232,233,219,291,133,234
254,255,253,232,220,129,289,256,123,291,133
255,254,256,219,289,120,292,253,290,218,128
256,255,257,78,218,261,219,264,128,260,254
257,256,258,260,261,128,259,255,289,282,78
258,259,257,262,260,261,283,282,256,263,128
259,258,260,263,262,257,261,264,283,256,282
260,261,259,257,264,220,262,263,222,258,256
261,262,260,257,265,259,263,256,264,258,283
262,263,261,259,258,266,260,264,265,283,274
263,262,264,259,267,261,266,260,265,222,258
264,265,263,216,219,268,267,260,222,221,266
265,266,264,270,261,267,269,216,274,263,268
266,265,267,264,262,263,268,271,269,261,270
267,266,268,264,263,265,269,221,222,262,271
268,267,269,264,216,270,266,221,265,214,215
269,268,270,265,267,271,266,272,264,216,273
270,271,269,265,268,272,273,216,274,266,264
271,270,272,273,274,269,266,265,275,267,262
272,271,273,274,270,275,276,269,265,279,47
273,274,272,217,276,275,279,271,47,270,216
274,275,273,272,280,276,271,265,283,279,262
275,276,274,280,273,272,277,271,279,41,278
276,275,277,280,273,274,278,279,43,41,272
277,278,276,42,281,79,44,279,280,275,41
278,277,279,75,282,287,217,280,276,43,281
279,278,280,273,217,283,276,277,281,282,43
280,281,279,276,275,284,274,283,278,282,277
281,280,282,286,277,283,285,279,278,284,287
282,283,281,78,278,285,284,280,287,279,261
283,282,284,279,285,281,280,274,261,258,262
284,285,283,280,282,286,281,277,279,276,287
285,286,284,282,283,281,287,280,288,258,279
286,285,287,281,284,82,288,282,83,280,277
287,286,288,278,285,282,79,78,281,289,82
288,289,287,78,82,122,290,81,286,86,282
289,290,288,123,255,128,78,254,122,257,256
290,291,289,120,78,255,121,123,288,81,254
291,290,292,121,119,120,123,255,136,253,254
292,293,291,255,253,120,119,252,290,219,251
293,292,294,119,251,77,118,252,117,255,295
294,293,295,251,250,116,117,118,296,119,249
295,296,294,117,116,297,250,249,19,115,119
296,295,297,300,249,115,298,299,294,116,117
297,296,298,301,95,117,115,295,299,16,116
298,299,297,115,302,300,301,314,296,313,310
299,300,298,248,247,109,297,303,301,110,302
300,301,299,303,296,304,117,298,302,297,19
301,302,300,297,303,305,304,299,298,16,313
302,301,303,298,306,307,300,108,304,243,247
303,304,302,300,160,301,240,305,299,306,161
304,305,303,300,301,157,306,147,148,302,151
305,304,306,301,157,303,307,11,12,302,15
306,307,305,302,158,304,160,303,242,157,308
307,306,308,302,309,305,312,313,8,242,243
308,309,307,108,312,302,242,243,306,310,326
309,308,310,312,311,107,307,108,318,322,302
310,309,311,312,108,313,314,109,318,107,298
311,312,310,330,314,309,329,313,318,328,315
312,313,311,309,310,8,328,308,314,327,307
313,314,312,310,311,298,12,301,307,302,330
314,313,315,113,111,311,310,330,312,298,316
315,314,316,113,330,313,317,311,318,310,111
316,315,317,318,314,330,111,323,113,112,311
317,318,316,106,112,323,319,315,111,314,113
318,317,319,323,110,106,107,316,309,310,311
319,320,318,322,323,321,106,317,324,329,107
320,319,321,324,323,322,318,325,326,317,329
321,320,322,325,319,324,323,326,318,329,309
322,321,323,319,326,324,320,325,309,318,329
323,322,324,318,319,320,321,325,326,317,329
324,325,323,320,322,321,326,319,327,329,318
325,324,326,321,322,323,327,320,319,329,309
326,325,327,322,324,329,323,312,309,328,321
327,328,326,329,325,312,322,323,324,8,309
328,329,327,8,312,330,326,311,313,314,309
329,328,330,327,311,326,312,322,318,309,323
330,329,311,314,328,315,8,312,313,9,316
