4	-0.303039	-1.93089
5	-0.303039	-1.54552
6	-0.303039	-1.79623
7	-0.303039	-1.52251
8	-0.303039	-0.857558
9	-0.303039	-1.2243
10	-0.303039	-1.04429
11	-0.303039	-0.449079
12	-0.303039	-0.105021
13	-0.303039	-0.407275
14	-0.303039	0.0402244
15	-0.303039	0.882525
16	-0.303039	0.882525
17	-0.303039	0.0561305
18	-0.303039	0.131268
19	-0.303039	1.24532
20	-0.303039	0.585382
21	-0.303039	0.00861505
22	-0.303039	0.331625
23	-0.303039	1.18149
24	-0.303039	0.0988815
25	-0.303039	-0.220151
26	-0.303039	0.136693
27	-0.303039	0.798145
28	-0.303039	-0.0434739
29	-0.303039	0.634444
30	-0.303039	-0.0999316
31	-0.303039	0.258055
32	-0.303039	0.202409
33	-0.303039	-0.0486425
34	-0.303039	0.131268
35	-0.303039	0.337342
36	-0.303039	0.0508209
37	-0.303039	-0.540209
38	-0.303039	-0.379124
39	-0.303039	-1.3176
40	-0.303039	-1.32114
41	-0.303039	-1.18395
42	-0.303039	-0.526693
43	-0.303039	-0.165546
44	2.61556	0.483092
45	1.94204	0.483092
47	2.35023	0.830395
48	5.53416	1.50285
49	-0.303039	0.191377
50	-0.303039	0.0667724
51	-0.303039	-0.220151
52	-0.303039	0.453504
53	-0.303039	-0.195433
54	-0.303039	-0.0486425
55	-0.303039	-0.832926
56	-0.303039	-1.04429
57	-0.303039	-1.17286
58	-0.303039	-1.98463
59	-0.303039	-1.67675
60	-0.303039	-2.50372
61	-0.303039	-2.52877
62	-0.303039	-2.05376
63	-0.303039	-2.42463
64	-0.303039	-2.4104
65	-0.303039	-1.90505
66	-0.303039	-1.52911
67	-0.303039	-1.03269
68	-0.303039	-0.494945
69	-0.303039	0.0881478
70	1.78167	0.753418
71	5.16933	1.33921
72	7.65677	1.26681
73	-0.303039	0.948626
74	2.35023	1.36117
75	1.52108	1.33921
76	-0.303039	0.948626
77	-0.303039	1.61022
78	-0.303039	0.862899
79	-0.303039	0.518894
80	-0.303039	0.453504
81	-0.303039	0.429993
82	-0.303039	-0.567084
83	-0.303039	-0.575995
84	-0.303039	-0.719745
85	-0.303039	-0.803953
86	-0.303039	-0.273937
87	-0.303039	-0.981933
88	-0.303039	-0.388533
89	-0.303039	-0.125308
90	-0.303039	-0.0743769
91	-0.303039	0.286184
92	-0.303039	0.975362
93	-0.303039	1.16743
94	1.94204	0.915444
95	2.35023	0.889088
96	3.86639	1.17445
97	-0.303039	0.785316
98	1.94204	0.798145
99	2.12913	0.274908
101	3.34521	-0.125308
102	3.86639	-0.0846202
103	2.93985	0.252453
104	-0.303039	-0.91432
105	-0.303039	-0.685456
106	-0.303039	-0.444459
107	-0.303039	-0.411944
108	-0.303039	-0.115179
109	-0.303039	0.882525
110	-0.303039	0.235699
111	1.94204	0.747069
112	2.61556	0.297494
113	2.35023	0.728079
114	4.56129	0.889088
115	1.94204	1.32464
117	1.23307	1.982
118	1.78167	1.65703
119	-0.303039	2.28611
120	-0.303039	1.23818
121	-0.303039	0.982073
122	-0.303039	0.0349374
123	-0.303039	0.331625
124	-0.303039	-0.2349
125	-0.303039	-1.15055
126	-0.303039	-0.715478
127	-0.303039	0.23013
128	-0.303039	0.597591
129	-0.303039	0.169408
130	-0.303039	0.418291
131	-0.303039	-0.449079
132	-0.303039	0.536917
133	-0.303039	1.08405
134	-0.303039	0.274908
135	-0.303039	0.174888
136	-0.303039	1.25963
137	-0.303039	1.25247
138	-0.303039	0.811015
139	-0.303039	0.548978
140	-0.303039	2.04128
141	-0.303039	0.823924
142	-0.303039	0.548978
143	-0.303039	0.671637
144	-0.303039	0.988795
145	-0.303039	-0.150509
146	-0.303039	-0.115179
147	-0.303039	0.235699
148	-0.303039	-0.150509
149	-0.303039	-0.849368
150	-0.303039	-0.732514
151	-0.303039	-0.273937
152	-0.303039	-1.13934
153	-0.303039	-1.37363
154	-0.303039	-1.158
155	-0.303039	-0.481249
156	-0.303039	-1.33171
157	-0.303039	-0.861646
158	-0.303039	-1.03656
159	-0.303039	-0.989794
160	-0.303039	-0.00708901
161	-0.303039	0.263664
162	-0.303039	-0.155528
163	-0.303039	-0.322138
164	-0.303039	-0.526693
165	-0.303039	0.252453
166	-0.303039	-0.239803
167	-0.303039	0.320214
168	-0.303039	-0.110104
169	-0.303039	-0.00708901
170	-0.303039	-0.0743769
171	-0.303039	-0.90224
172	-0.303039	-0.48582
173	-0.303039	-0.18052
174	-0.303039	-0.906271
175	-0.303039	-1.18395
176	-0.303039	-0.853466
177	-0.303039	-1.18764
178	-0.303039	-1.35623
179	-0.303039	-1.87022
180	-0.303039	-1.48599
181	-0.303039	-0.918336
182	-0.303039	-0.659508
183	-0.303039	-0.326922
184	-0.303039	-0.762117
185	-0.303039	-0.220151
186	-0.303039	0.60371
187	-0.303039	-0.18052
188	-0.303039	-0.633357
189	-0.303039	-0.374411
190	-0.303039	0.0881478
191	-0.303039	-0.877944
192	-0.303039	-1.14308
193	-0.303039	-0.360231
194	-0.303039	-0.14045
195	-0.303039	0.360299
196	-0.303039	0.561076
197	-0.303039	1.12553
198	-0.303039	0.862899
199	-0.303039	0.500952
200	-0.303039	0.548978
201	-0.303039	0.889088
202	-0.303039	0.542943
203	-0.303039	-0.254472
204	-0.303039	-0.824674
205	-0.303039	-0.476671
206	-0.303039	-1.46251
207	-0.303039	-1.26052
208	-0.303039	-1.43544
209	-0.303039	-1.09787
210	-0.303039	-0.517652
211	-0.303039	0.131268
212	-0.303039	0.343069
213	-0.303039	0.5309
214	-0.303039	2.01578
215	2.12913	1.27399
216	-0.303039	0.843366
217	-0.303039	0.817464
218	1.94204	1.67275
219	-0.303039	1.61799
220	-0.303039	1.18853
221	-0.303039	0.849867
222	-0.303039	0.0827925
223	-0.303039	0.180377
224	-0.303039	-0.930357
225	-0.303039	-0.249589
226	-0.303039	-0.954264
227	-0.303039	-0.575995
228	-0.303039	-1.19501
229	-0.303039	-0.598173
230	-0.303039	0.0827925
231	-0.303039	0.314522
232	-0.303039	0.948626
233	-0.303039	1.65703
234	-0.303039	1.66488
235	-0.303039	1.76818
236	-0.303039	1.6492
237	-0.303039	1.18149
238	-0.303039	1.02257
239	-0.303039	0.269282
240	-0.303039	0.325915
241	-0.303039	-0.61141
242	-0.303039	-0.715478
243	-0.303039	0.263664
244	-0.303039	-0.499498
245	-0.303039	-0.0227266
246	-0.303039	0.585382
247	-0.303039	1.35384
248	-0.303039	1.27399
249	-0.303039	1.89859
250	-0.303039	1.72817
251	-0.303039	1.86564
252	-0.303039	2.35841
253	-0.303039	1.28119
254	-0.303039	1.61799
255	-0.303039	1.60247
256	-0.303039	0.995528
257	-0.303039	0.60371
258	-0.303039	-0.499498
259	-0.303039	-0.706928
260	-0.303039	-0.0227266
261	-0.303039	0.120441
262	-0.303039	-0.379124
263	-0.303039	-0.571543
264	-0.303039	0.609838
265	-0.303039	-0.273937
266	-0.303039	-0.593749
267	-0.303039	-0.517652
268	-0.303039	0.447613
269	-0.303039	-0.681146
270	-0.303039	-0.571543
271	-0.303039	-1.13934
272	-0.303039	-1.04815
273	-0.303039	0.10426
274	-0.303039	-0.799794
275	-0.303039	-0.966151
276	-0.303039	-0.589319
277	-0.303039	-0.36969
278	-0.303039	0.435858
279	-0.303039	0.0138646
280	-0.303039	-0.898203
281	-0.303039	-0.816402
282	-0.303039	-0.160541
283	-0.303039	-0.946314
284	-0.303039	-1.4047
285	-0.303039	-1.34925
286	-0.303039	-1.24608
287	-0.303039	-0.215221
288	-0.303039	-0.264217
289	-0.303039	0.721769
290	-0.303039	0.740729
291	-0.303039	1.22393
292	-0.303039	1.69642
293	-0.303039	2.00731
294	1.94204	2.27714
295	1.78167	2.16213
296	2.12913	1.79235
297	1.94204	1.31011
298	-0.303039	0.836875
299	-0.303039	1.12553
300	-0.303039	1.53327
301	-0.303039	0.836875
302	-0.303039	0.988795
303	-0.303039	1.05661
304	-0.303039	0.489037
305	-0.303039	0.252453
306	-0.303039	-0.058958
307	-0.303039	-0.336471
308	-0.303039	-0.322138
309	-0.303039	-0.393228
310	-0.303039	0.314522
311	-0.303039	-0.655163
312	-0.303039	-0.48582
313	-0.303039	-0.145483
314	-0.303039	0.360299
315	-0.303039	-0.364964
316	-0.303039	-0.288466
317	-0.303039	-0.540209
318	-0.303039	-0.360231
319	-0.303039	-1.45914
320	-0.303039	-1.58778
321	-0.303039	-2.05649
322	-0.303039	-1.26052
323	-0.303039	-1.39438
324	-0.303039	-2.05649
325	-0.303039	-2.07551
326	-0.303039	-1.44223
327	-0.303039	-1.65792
328	-0.303039	-1.55859
329	-0.303039	-0.857558
330	-0.303039	-0.824674
