   0.0000000e+00
  -1.8471532e-01
   0.0000000e+00
   1.0173328e-01
   0.0000000e+00
   3.6844637e-01
   0.0000000e+00
   0.0000000e+00
   0.0000000e+00
   0.0000000e+00
   0.0000000e+00
   0.0000000e+00
   0.0000000e+00
   0.0000000e+00
   0.0000000e+00
  -2.1089650e-02
   0.0000000e+00
   0.0000000e+00
   0.0000000e+00
   9.7658417e-02
   8.8091783e-01
   0.0000000e+00
  -1.1954636e+00
   0.0000000e+00
   3.0552001e-01
   6.8614936e-01
   0.0000000e+00
   9.6740304e-01
  -1.1149139e-01
   2.3086903e-01
   0.0000000e+00
   0.0000000e+00
   0.0000000e+00
   0.0000000e+00
   0.0000000e+00
   0.0000000e+00
   2.9225566e-01
   0.0000000e+00
   2.8196202e-01
   0.0000000e+00
  -8.4681346e-03
   0.0000000e+00
  -1.1917756e-01
   0.0000000e+00
   4.1946358e-02
   0.0000000e+00
   0.0000000e+00
   0.0000000e+00
   2.8399652e-01
   3.4763343e-02
   0.0000000e+00
   0.0000000e+00
   0.0000000e+00
   0.0000000e+00
   1.4117113e-01
   0.0000000e+00
   0.0000000e+00
   0.0000000e+00
   0.0000000e+00
   0.0000000e+00
  -1.1893675e-01
   0.0000000e+00
  -4.5166960e-03
   0.0000000e+00
   0.0000000e+00
   0.0000000e+00
   0.0000000e+00
   0.0000000e+00
  -2.4837445e-01
   2.2336582e-01
   0.0000000e+00
  -1.9960391e-02
   6.3964403e-02
   1.9679348e-02
  -1.0413692e-01
  -2.5836380e-02
   0.0000000e+00
   0.0000000e+00
   0.0000000e+00
   0.0000000e+00
   0.0000000e+00
   1.7477126e-02
   0.0000000e+00
   0.0000000e+00
   0.0000000e+00
   0.0000000e+00
   5.7214812e-03
   0.0000000e+00
   0.0000000e+00
   1.1916740e-01
   0.0000000e+00
  -8.9954809e-02
   1.1927470e-01
   0.0000000e+00
   0.0000000e+00
   0.0000000e+00
   0.0000000e+00
   2.3923053e-01
   0.0000000e+00
   0.0000000e+00
   0.0000000e+00
   0.0000000e+00
   0.0000000e+00
   0.0000000e+00
   2.3376888e-01
   0.0000000e+00
  -1.5843787e-01
  -2.8158715e-01
  -5.7291460e-02
   0.0000000e+00
   0.0000000e+00
   0.0000000e+00
   0.0000000e+00
   0.0000000e+00
   0.0000000e+00
   0.0000000e+00
   0.0000000e+00
   0.0000000e+00
   0.0000000e+00
   0.0000000e+00
   6.8233479e-03
   1.5957235e-02
   0.0000000e+00
  -3.0882535e-01
   3.1211010e-01
   0.0000000e+00
   0.0000000e+00
   1.7954546e-01
   0.0000000e+00
   0.0000000e+00
   0.0000000e+00
   0.0000000e+00
   0.0000000e+00
   0.0000000e+00
   7.5971770e-03
   0.0000000e+00
   0.0000000e+00
   0.0000000e+00
   0.0000000e+00
  -1.2501653e-02
  -2.2268146e-02
   0.0000000e+00
   0.0000000e+00
   0.0000000e+00
   0.0000000e+00
   0.0000000e+00
   0.0000000e+00
   0.0000000e+00
   0.0000000e+00
   0.0000000e+00
  -6.9946690e-02
   0.0000000e+00
   0.0000000e+00
   0.0000000e+00
   0.0000000e+00
   0.0000000e+00
  -1.0227302e-01
   0.0000000e+00
   0.0000000e+00
   0.0000000e+00
   0.0000000e+00
   0.0000000e+00
   1.7543038e-02
   3.6872401e-01
   0.0000000e+00
   4.2435478e-02
   0.0000000e+00
   1.2856198e-01
  -1.2500846e-01
   5.0240615e-02
   2.1531123e-01
   0.0000000e+00
   0.0000000e+00
  -4.5889278e-02
   0.0000000e+00
   1.6680014e-01
   4.6596805e-02
   0.0000000e+00
  -2.8549680e-02
   0.0000000e+00
   0.0000000e+00
  -1.2935083e-01
   0.0000000e+00
   9.5822461e-02
   9.6574929e-02
   0.0000000e+00
   0.0000000e+00
  -1.6074942e-01
   0.0000000e+00
   0.0000000e+00
   0.0000000e+00
   0.0000000e+00
   0.0000000e+00
   0.0000000e+00
   0.0000000e+00
   0.0000000e+00
   0.0000000e+00
   0.0000000e+00
   0.0000000e+00
   9.3397352e-02
   0.0000000e+00
   0.0000000e+00
   0.0000000e+00
   0.0000000e+00
   0.0000000e+00
   0.0000000e+00
  -4.5173951e-02
   0.0000000e+00
  -5.8269513e-02
   0.0000000e+00
   0.0000000e+00
   3.3688921e-01
  -5.0048893e-02
   0.0000000e+00
   3.4510872e-03
   1.8999457e-01
   1.0558418e-01
   1.6494646e-01
   0.0000000e+00
   0.0000000e+00
   0.0000000e+00
   0.0000000e+00
   0.0000000e+00
   0.0000000e+00
  -9.4569061e-02
   0.0000000e+00
  -1.3488500e-01
   0.0000000e+00
  -1.1417960e-02
   0.0000000e+00
  -3.4676361e-02
   0.0000000e+00
   0.0000000e+00
  -7.0888680e-02
   0.0000000e+00
   0.0000000e+00
   0.0000000e+00
   0.0000000e+00
   0.0000000e+00
   4.6490207e-01
   0.0000000e+00
  -1.3482190e-01
  -3.9014751e-01
   0.0000000e+00
   0.0000000e+00
   0.0000000e+00
   0.0000000e+00
   0.0000000e+00
   0.0000000e+00
   3.5669745e-01
   0.0000000e+00
   0.0000000e+00
   0.0000000e+00
   0.0000000e+00
  -5.0628502e-02
   0.0000000e+00
   0.0000000e+00
   3.4407959e-01
   2.4060230e-02
   1.0374946e-01
   0.0000000e+00
   0.0000000e+00
  -5.7609555e-02
  -7.6712612e-02
   0.0000000e+00
   8.3060201e-02
   0.0000000e+00
   0.0000000e+00
   0.0000000e+00
   0.0000000e+00
   0.0000000e+00
   0.0000000e+00
   0.0000000e+00
   0.0000000e+00
   0.0000000e+00
   0.0000000e+00
   0.0000000e+00
   0.0000000e+00
  -8.8160994e-02
   0.0000000e+00
   0.0000000e+00
   2.9308176e-02
   0.0000000e+00
  -8.1846048e-02
   0.0000000e+00
   0.0000000e+00
   0.0000000e+00
   0.0000000e+00
   0.0000000e+00
   0.0000000e+00
   0.0000000e+00
   0.0000000e+00
   0.0000000e+00
   0.0000000e+00
   9.0644017e-02
   0.0000000e+00
   0.0000000e+00
   0.0000000e+00
   0.0000000e+00
   0.0000000e+00
  -1.2568064e-01
   7.2664821e-02
  -1.3520214e-01
   0.0000000e+00
   0.0000000e+00
   0.0000000e+00
   0.0000000e+00
   0.0000000e+00
  -1.9984350e-01
   0.0000000e+00
   3.5430871e-02
   0.0000000e+00
   7.6868696e-02
  -1.3503998e-01
   1.6978944e-01
   0.0000000e+00
  -5.7827318e-02
   0.0000000e+00
   0.0000000e+00
   0.0000000e+00
   0.0000000e+00
   0.0000000e+00
   0.0000000e+00
   0.0000000e+00
   0.0000000e+00
   0.0000000e+00
   0.0000000e+00
   0.0000000e+00
   0.0000000e+00
   1.0552990e-01
   0.0000000e+00
  -3.7995707e-03
  -1.3369075e-01
   0.0000000e+00
   0.0000000e+00
   0.0000000e+00
   0.0000000e+00
   0.0000000e+00
   0.0000000e+00
   0.0000000e+00
   0.0000000e+00
   1.6843408e-01
  -2.2266541e-01
   7.5444892e-02
   0.0000000e+00
   0.0000000e+00
   0.0000000e+00
   0.0000000e+00
  -7.7859066e-03
  -9.1906956e-02
   0.0000000e+00
   0.0000000e+00
   0.0000000e+00
   0.0000000e+00
   1.7401451e-01
   0.0000000e+00
   0.0000000e+00
   0.0000000e+00
  -3.7549974e-02
  -9.6934486e-03
   5.9508845e-02
   0.0000000e+00
   1.1997573e-01
   0.0000000e+00
   0.0000000e+00
   0.0000000e+00
   0.0000000e+00
   0.0000000e+00
   5.2502860e-02
   6.9063796e-01
   0.0000000e+00
   0.0000000e+00
   0.0000000e+00
   0.0000000e+00
   0.0000000e+00
  -7.2163828e-02
   0.0000000e+00
   7.5727450e-02
   0.0000000e+00
  -4.7572250e-02
   3.4862680e-02
   0.0000000e+00
   0.0000000e+00
   0.0000000e+00
   0.0000000e+00
   0.0000000e+00
  -1.1394547e-01
   0.0000000e+00
   0.0000000e+00
   0.0000000e+00
   0.0000000e+00
   0.0000000e+00
   0.0000000e+00
   4.1319237e-02
   0.0000000e+00
   0.0000000e+00
   0.0000000e+00
   0.0000000e+00
   0.0000000e+00
   0.0000000e+00
   0.0000000e+00
   0.0000000e+00
   0.0000000e+00
   0.0000000e+00
   0.0000000e+00
   0.0000000e+00
   0.0000000e+00
   0.0000000e+00
   0.0000000e+00
   2.0528398e-01
  -4.9259755e-02
   0.0000000e+00
   0.0000000e+00
   0.0000000e+00
   0.0000000e+00
   0.0000000e+00
   8.0345036e-02
   0.0000000e+00
   0.0000000e+00
   0.0000000e+00
   0.0000000e+00
   0.0000000e+00
   1.2682892e-01
   2.1033246e-02
   0.0000000e+00
   0.0000000e+00
   0.0000000e+00
  -9.1878667e-02
  -7.6091143e-02
   0.0000000e+00
   0.0000000e+00
   0.0000000e+00
   0.0000000e+00
   0.0000000e+00
   0.0000000e+00
  -8.6684981e-02
   0.0000000e+00
   3.6672206e-01
   0.0000000e+00
   0.0000000e+00
   0.0000000e+00
   0.0000000e+00
   0.0000000e+00
   0.0000000e+00
  -1.0772675e-01
   0.0000000e+00
  -2.8487216e-01
   3.2316866e-02
   0.0000000e+00
   0.0000000e+00
   0.0000000e+00
   3.7373407e-02
   0.0000000e+00
   9.6751954e-02
  -4.3332933e-02
   0.0000000e+00
   0.0000000e+00
   9.9598349e-02
   0.0000000e+00
  -1.9609437e-02
   2.2925175e-02
  -9.4192652e-02
   0.0000000e+00
   0.0000000e+00
   2.6729118e-02
   0.0000000e+00
  -3.7769610e-02
   0.0000000e+00
   0.0000000e+00
   0.0000000e+00
  -4.1968817e-02
   0.0000000e+00
   0.0000000e+00
   0.0000000e+00
   0.0000000e+00
   0.0000000e+00
   1.0314208e-01
   0.0000000e+00
   0.0000000e+00
   0.0000000e+00
   0.0000000e+00
  -4.0321893e-01
   0.0000000e+00
   0.0000000e+00
   0.0000000e+00
   0.0000000e+00
   0.0000000e+00
   0.0000000e+00
   0.0000000e+00
   0.0000000e+00
   0.0000000e+00
   0.0000000e+00
   0.0000000e+00
   0.0000000e+00
   0.0000000e+00
   0.0000000e+00
   0.0000000e+00
   0.0000000e+00
   1.8287712e-01
   0.0000000e+00
   0.0000000e+00
   3.2926819e-02
  -1.8642695e-01
  -4.1453512e-02
   0.0000000e+00
   0.0000000e+00
   1.1559339e-01
   1.2314847e-01
  -9.1391639e-02
   0.0000000e+00
   0.0000000e+00
   0.0000000e+00
   5.9321491e-02
   0.0000000e+00
  -2.5172058e-01
   0.0000000e+00
   0.0000000e+00
   0.0000000e+00
   0.0000000e+00
   0.0000000e+00
  -6.0120227e-02
   0.0000000e+00
   0.0000000e+00
   0.0000000e+00
   2.0055007e-01
   0.0000000e+00
   0.0000000e+00
   0.0000000e+00
